0.0 0.45 0.0832948632588
0.0 0.465789473684 0.125953148021
0.0 0.481578947368 0.0357584602857
0.0 0.497368421053 0.131928811273
0.0 0.513157894737 0.21554396288
0.0 0.528947368421 0.0685982389182
0.0 0.544736842105 0.310144508204
0.0 0.560526315789 0.74428936984
0.0 0.576315789474 0.986680883624
0.0 0.592105263158 0.89090227916
0.0 0.607894736842 0.515387180554
0.0 0.623684210526 0.0817337430829
0.0 0.639473684211 0.182160566224
0.0 0.655263157895 0.192075604213
0.0 0.671052631579 0.0402728142553
0.0 0.686842105263 0.100891743522
0.0 0.702631578947 0.118293785474
0.0 0.718421052632 0.0273518786119
0.0 0.734210526316 0.0694991247456
0.0 0.75 0.0855641309142
0.0526315789474 0.45 0.0831582083903
0.0526315789474 0.465789473684 0.126044352668
0.0526315789474 0.481578947368 0.0359389441668
0.0526315789474 0.497368421053 0.131866340271
0.0526315789474 0.513157894737 0.215609207569
0.0526315789474 0.528947368421 0.0687499412944
0.0526315789474 0.544736842105 0.311114113267
0.0526315789474 0.560526315789 0.741394639764
0.0526315789474 0.576315789474 0.985573663417
0.0526315789474 0.592105263158 0.891996001767
0.0526315789474 0.607894736842 0.516886773818
0.0526315789474 0.623684210526 0.0821891081846
0.0526315789474 0.639473684211 0.182292383562
0.0526315789474 0.655263157895 0.192042263352
0.0526315789474 0.671052631579 0.0403555698806
0.0526315789474 0.686842105263 0.100889953588
0.0526315789474 0.702631578947 0.11826593268
0.0526315789474 0.718421052632 0.0273898907578
0.0526315789474 0.734210526316 0.0694776256464
0.0526315789474 0.75 0.0855712443513
0.105263157895 0.45 0.0827064174647
0.105263157895 0.465789473684 0.126194933999
0.105263157895 0.481578947368 0.0364743182238
0.105263157895 0.497368421053 0.131527230361
0.105263157895 0.513157894737 0.215592733873
0.105263157895 0.528947368421 0.0691427825514
0.105263157895 0.544736842105 0.311894057652
0.105263157895 0.560526315789 0.73875727739
0.105263157895 0.576315789474 0.992102176034
0.105263157895 0.592105263158 0.901225642332
0.105263157895 0.607894736842 0.519282116472
0.105263157895 0.623684210526 0.0834674201938
0.105263157895 0.639473684211 0.182223414386
0.105263157895 0.655263157895 0.192121816981
0.105263157895 0.671052631579 0.0406374765839
0.105263157895 0.686842105263 0.10080301673
0.105263157895 0.702631578947 0.11828129402
0.105263157895 0.718421052632 0.0274989546164
0.105263157895 0.734210526316 0.0694163168794
0.105263157895 0.75 0.0855970527213
0.157894736842 0.45 0.0819945201072
0.157894736842 0.465789473684 0.126334377174
0.157894736842 0.481578947368 0.037370445557
0.157894736842 0.497368421053 0.130875344091
0.157894736842 0.513157894737 0.215451284064
0.157894736842 0.528947368421 0.0697952923788
0.157894736842 0.544736842105 0.312348154482
0.157894736842 0.560526315789 0.73653466484
0.157894736842 0.576315789474 0.995859387881
0.157894736842 0.592105263158 0.920512438594
0.157894736842 0.607894736842 0.52200934295
0.157894736842 0.623684210526 0.0855718526321
0.157894736842 0.639473684211 0.181910297235
0.157894736842 0.655263157895 0.192285512785
0.157894736842 0.671052631579 0.0411035224455
0.157894736842 0.686842105263 0.100619755095
0.157894736842 0.702631578947 0.118330564868
0.157894736842 0.718421052632 0.027690966251
0.157894736842 0.734210526316 0.069319688136
0.157894736842 0.75 0.0856474837102
0.210526315789 0.45 0.0808912207125
0.210526315789 0.465789473684 0.126521696873
0.210526315789 0.481578947368 0.0385912391237
0.210526315789 0.497368421053 0.129830471855
0.210526315789 0.513157894737 0.215181629556
0.210526315789 0.528947368421 0.0707072182308
0.210526315789 0.544736842105 0.312396070898
0.210526315789 0.560526315789 0.734760650373
0.210526315789 0.576315789474 0.996134134272
0.210526315789 0.592105263158 0.936657162708
0.210526315789 0.607894736842 0.524640444988
0.210526315789 0.623684210526 0.0885208709974
0.210526315789 0.639473684211 0.181296812005
0.210526315789 0.655263157895 0.19253315566
0.210526315789 0.671052631579 0.0417400166628
0.210526315789 0.686842105263 0.100350734475
0.210526315789 0.702631578947 0.118423245384
0.210526315789 0.718421052632 0.0279551323012
0.210526315789 0.734210526316 0.0691751470363
0.210526315789 0.75 0.0857192844301
0.263157894737 0.45 0.0792174904046
0.263157894737 0.465789473684 0.126751400164
0.263157894737 0.481578947368 0.0401616553816
0.263157894737 0.497368421053 0.128338071323
0.263157894737 0.513157894737 0.214852893903
0.263157894737 0.528947368421 0.0718739482702
0.263157894737 0.544736842105 0.311853338184
0.263157894737 0.560526315789 0.733462357753
0.263157894737 0.576315789474 0.996194633024
0.263157894737 0.592105263158 0.915707530184
0.263157894737 0.607894736842 0.527825890615
0.263157894737 0.623684210526 0.0923063320393
0.263157894737 0.639473684211 0.180303892781
0.263157894737 0.655263157895 0.192882398297
0.263157894737 0.671052631579 0.0425535640308
0.263157894737 0.686842105263 0.0999774490885
0.263157894737 0.702631578947 0.118555836752
0.263157894737 0.718421052632 0.0282936144295
0.263157894737 0.734210526316 0.0689882528313
0.263157894737 0.75 0.0858115494946
0.315789473684 0.45 0.0776878966888
0.315789473684 0.465789473684 0.126406937429
0.315789473684 0.481578947368 0.0420440824173
0.315789473684 0.497368421053 0.126368721911
0.315789473684 0.513157894737 0.214714317654
0.315789473684 0.528947368421 0.073269181955
0.315789473684 0.544736842105 0.31052481357
0.315789473684 0.560526315789 0.73274023296
0.315789473684 0.576315789474 0.996242657338
0.315789473684 0.592105263158 0.859064312861
0.315789473684 0.607894736842 0.534336417687
0.315789473684 0.623684210526 0.0969375248053
0.315789473684 0.639473684211 0.178834492853
0.315789473684 0.655263157895 0.193378000187
0.315789473684 0.671052631579 0.0435468749735
0.315789473684 0.686842105263 0.0995038609764
0.315789473684 0.702631578947 0.118753383775
0.315789473684 0.718421052632 0.0287105116551
0.315789473684 0.734210526316 0.0687601129819
0.315789473684 0.75 0.0859292480197
0.368421052632 0.45 0.0752273917985
0.368421052632 0.465789473684 0.127409667833
0.368421052632 0.481578947368 0.0443314955651
0.368421052632 0.497368421053 0.123743315097
0.368421052632 0.513157894737 0.215173790587
0.368421052632 0.528947368421 0.0749341720977
0.368421052632 0.544736842105 0.308183927445
0.368421052632 0.560526315789 0.732718279257
0.368421052632 0.576315789474 0.996287236891
0.368421052632 0.592105263158 0.964583048671
0.368421052632 0.607894736842 0.548330253017
0.368421052632 0.623684210526 0.102378068488
0.368421052632 0.639473684211 0.176745962415
0.368421052632 0.655263157895 0.194082714361
0.368421052632 0.671052631579 0.0447251557045
0.368421052632 0.686842105263 0.0989180693192
0.368421052632 0.702631578947 0.118999448551
0.368421052632 0.718421052632 0.0291928499133
0.368421052632 0.734210526316 0.06848291637
0.368421052632 0.75 0.0860786755289
0.421052631579 0.45 0.0728353551913
0.421052631579 0.465789473684 0.127278847804
0.421052631579 0.481578947368 0.0471806898192
0.421052631579 0.497368421053 0.120871969975
0.421052631579 0.513157894737 0.216521113593
0.421052631579 0.528947368421 0.076889067314
0.421052631579 0.544736842105 0.304666313867
0.421052631579 0.560526315789 0.73338199323
0.421052631579 0.576315789474 0.99633006991
0.421052631579 0.592105263158 0.940509869191
0.421052631579 0.607894736842 0.569156445297
0.421052631579 0.623684210526 0.10880914603
0.421052631579 0.639473684211 0.174004256269
0.421052631579 0.655263157895 0.195093357474
0.421052631579 0.671052631579 0.0460671010836
0.421052631579 0.686842105263 0.0982208782383
0.421052631579 0.702631578947 0.119324773724
0.421052631579 0.718421052632 0.029760212946
0.421052631579 0.734210526316 0.0681631687761
0.421052631579 0.75 0.0862422255417
0.473684210526 0.45 0.0696266747745
0.473684210526 0.465789473684 0.127721093118
0.473684210526 0.481578947368 0.0501742790676
0.473684210526 0.497368421053 0.119759024581
0.473684210526 0.513157894737 0.217546447514
0.473684210526 0.528947368421 0.0794166939581
0.473684210526 0.544736842105 0.300217694895
0.473684210526 0.560526315789 0.734286654361
0.473684210526 0.576315789474 0.996371884087
0.473684210526 0.592105263158 0.992525635311
0.473684210526 0.607894736842 0.585141245951
0.473684210526 0.623684210526 0.11676178515
0.473684210526 0.639473684211 0.17074617493
0.473684210526 0.655263157895 0.196501370133
0.473684210526 0.671052631579 0.0475901373563
0.473684210526 0.686842105263 0.0974088437719
0.473684210526 0.702631578947 0.119722449383
0.473684210526 0.718421052632 0.030400347598
0.473684210526 0.734210526316 0.0677881077141
0.473684210526 0.75 0.0864268573363
0.526315789474 0.45 0.0658537462825
0.526315789474 0.465789473684 0.127608734919
0.526315789474 0.481578947368 0.0532794710818
0.526315789474 0.497368421053 0.116809106673
0.526315789474 0.513157894737 0.215130919375
0.526315789474 0.528947368421 0.0824168546938
0.526315789474 0.544736842105 0.296769679137
0.526315789474 0.560526315789 0.733637337443
0.526315789474 0.576315789474 0.996413008618
0.526315789474 0.592105263158 0.995737460952
0.526315789474 0.607894736842 0.591656049631
0.526315789474 0.623684210526 0.126483746237
0.526315789474 0.639473684211 0.167617691076
0.526315789474 0.655263157895 0.198257882452
0.526315789474 0.671052631579 0.0493374116777
0.526315789474 0.686842105263 0.0964906145071
0.526315789474 0.702631578947 0.120195321452
0.526315789474 0.718421052632 0.031120058867
0.526315789474 0.734210526316 0.0673651692251
0.526315789474 0.75 0.0866271711213
0.578947368421 0.45 0.0623517653288
0.578947368421 0.465789473684 0.128110283633
0.578947368421 0.481578947368 0.0571475651076
0.578947368421 0.497368421053 0.111403715817
0.578947368421 0.513157894737 0.217491406595
0.578947368421 0.528947368421 0.0847558120858
0.578947368421 0.544736842105 0.301816209114
0.578947368421 0.560526315789 0.72957001935
0.578947368421 0.576315789474 0.996453666822
0.578947368421 0.592105263158 0.99597305734
0.578947368421 0.607894736842 0.606626223915
0.578947368421 0.623684210526 0.137328170485
0.578947368421 0.639473684211 0.165534777751
0.578947368421 0.655263157895 0.200106659542
0.578947368421 0.671052631579 0.0513047719652
0.578947368421 0.686842105263 0.0954873350006
0.578947368421 0.702631578947 0.120717528502
0.578947368421 0.718421052632 0.0319334725758
0.578947368421 0.734210526316 0.066891523507
0.578947368421 0.75 0.0868287024795
0.631578947368 0.45 0.0573206036363
0.631578947368 0.465789473684 0.127966980984
0.631578947368 0.481578947368 0.060971599624
0.631578947368 0.497368421053 0.108364051654
0.631578947368 0.513157894737 0.217267010091
0.631578947368 0.528947368421 0.088348883544
0.631578947368 0.544736842105 0.31533115395
0.631578947368 0.560526315789 0.735166902612
0.631578947368 0.576315789474 0.996493983803
0.631578947368 0.592105263158 0.996068273423
0.631578947368 0.607894736842 0.631150312319
0.631578947368 0.623684210526 0.148102076743
0.631578947368 0.639473684211 0.16468791105
0.631578947368 0.655263157895 0.201519139393
0.631578947368 0.671052631579 0.0535365990935
0.631578947368 0.686842105263 0.0944613952287
0.631578947368 0.702631578947 0.121242462155
0.631578947368 0.718421052632 0.0328345574575
0.631578947368 0.734210526316 0.06638168473
0.631578947368 0.75 0.0870222272127
0.684210526316 0.45 0.0518767850008
0.684210526316 0.465789473684 0.127206284523
0.684210526316 0.481578947368 0.0646169495104
0.684210526316 0.497368421053 0.10487314483
0.684210526316 0.513157894737 0.216529110597
0.684210526316 0.528947368421 0.0917394149827
0.684210526316 0.544736842105 0.291143450058
0.684210526316 0.560526315789 0.814220957003
0.684210526316 0.576315789474 0.996534052642
0.684210526316 0.592105263158 0.996143503177
0.684210526316 0.607894736842 0.649813742964
0.684210526316 0.623684210526 0.157798228372
0.684210526316 0.639473684211 0.162749139143
0.684210526316 0.655263157895 0.20235012037
0.684210526316 0.671052631579 0.0559941021115
0.684210526316 0.686842105263 0.0934735031482
0.684210526316 0.702631578947 0.121723244934
0.684210526316 0.718421052632 0.0338259946525
0.684210526316 0.734210526316 0.0658415139909
0.684210526316 0.75 0.0872004666251
0.736842105263 0.45 0.0472175419441
0.736842105263 0.465789473684 0.1256473598
0.736842105263 0.481578947368 0.0693912179593
0.736842105263 0.497368421053 0.098608998349
0.736842105263 0.513157894737 0.215120084347
0.736842105263 0.528947368421 0.0958208240911
0.736842105263 0.544736842105 0.29320233982
0.736842105263 0.560526315789 0.87717686951
0.736842105263 0.576315789474 0.996573894759
0.736842105263 0.592105263158 0.99620966714
0.736842105263 0.607894736842 0.694668032423
0.736842105263 0.623684210526 0.173625094322
0.736842105263 0.639473684211 0.157177352962
0.736842105263 0.655263157895 0.20280200677
0.736842105263 0.671052631579 0.0586251647345
0.736842105263 0.686842105263 0.0925920557959
0.736842105263 0.702631578947 0.122087573944
0.736842105263 0.718421052632 0.0349038848627
0.736842105263 0.734210526316 0.065301599347
0.736842105263 0.75 0.0873698973243
0.789473684211 0.45 0.0400481875265
0.789473684211 0.465789473684 0.125410649401
0.789473684211 0.481578947368 0.0739646559734
0.789473684211 0.497368421053 0.0932666673366
0.789473684211 0.513157894737 0.21323989366
0.789473684211 0.528947368421 0.100239489779
0.789473684211 0.544736842105 0.291048845909
0.789473684211 0.560526315789 0.810303573232
0.789473684211 0.576315789474 0.996613607264
0.789473684211 0.592105263158 0.996270541241
0.789473684211 0.607894736842 0.700219729162
0.789473684211 0.623684210526 0.19457556117
0.789473684211 0.639473684211 0.148930173469
0.789473684211 0.655263157895 0.203333808448
0.789473684211 0.671052631579 0.061352767643
0.789473684211 0.686842105263 0.0917475589577
0.789473684211 0.702631578947 0.122368469762
0.789473684211 0.718421052632 0.0360593078543
0.789473684211 0.734210526316 0.064756155174
0.789473684211 0.75 0.0875371816021
0.842105263158 0.45 0.0335511076283
0.842105263158 0.465789473684 0.123007342567
0.842105263158 0.481578947368 0.0783711642037
0.842105263158 0.497368421053 0.0883652561656
0.842105263158 0.513157894737 0.212685739749
0.842105263158 0.528947368421 0.104259099977
0.842105263158 0.544736842105 0.285503168893
0.842105263158 0.560526315789 0.744546716252
0.842105263158 0.576315789474 0.996653178237
0.842105263158 0.592105263158 0.996328086829
0.842105263158 0.607894736842 0.734848772435
0.842105263158 0.623684210526 0.213511834245
0.842105263158 0.639473684211 0.143928368963
0.842105263158 0.655263157895 0.205264028712
0.842105263158 0.671052631579 0.0641885536663
0.842105263158 0.686842105263 0.0906414894123
0.842105263158 0.702631578947 0.122634069747
0.842105263158 0.718421052632 0.0372843030224
0.842105263158 0.734210526316 0.0642213300434
0.842105263158 0.75 0.0877389471986
0.894736842105 0.45 0.0253944806511
0.894736842105 0.465789473684 0.121540031684
0.894736842105 0.481578947368 0.0849925614646
0.894736842105 0.497368421053 0.0803784181022
0.894736842105 0.513157894737 0.212106133672
0.894736842105 0.528947368421 0.106752773817
0.894736842105 0.544736842105 0.281269290415
0.894736842105 0.560526315789 0.727586980557
0.894736842105 0.576315789474 0.996692630306
0.894736842105 0.592105263158 0.996383222411
0.894736842105 0.607894736842 0.823574018519
0.894736842105 0.623684210526 0.223514704208
0.894736842105 0.639473684211 0.140814788345
0.894736842105 0.655263157895 0.208050344301
0.894736842105 0.671052631579 0.0670583117994
0.894736842105 0.686842105263 0.0889836079223
0.894736842105 0.702631578947 0.122971224539
0.894736842105 0.718421052632 0.0385623505302
0.894736842105 0.734210526316 0.063655947291
0.894736842105 0.75 0.0879653118595
0.947368421053 0.45 0.0165228087814
0.947368421053 0.465789473684 0.11985128057
0.947368421053 0.481578947368 0.0898555944465
0.947368421053 0.497368421053 0.0744242718616
0.947368421053 0.513157894737 0.211457405788
0.947368421053 0.528947368421 0.113313005591
0.947368421053 0.544736842105 0.294186711999
0.947368421053 0.560526315789 0.743117709312
0.947368421053 0.576315789474 0.996731971346
0.947368421053 0.592105263158 0.996436620674
0.947368421053 0.607894736842 0.778224645519
0.947368421053 0.623684210526 0.251935843906
0.947368421053 0.639473684211 0.134872525285
0.947368421053 0.655263157895 0.209084450142
0.947368421053 0.671052631579 0.0704408833524
0.947368421053 0.686842105263 0.0867781078238
0.947368421053 0.702631578947 0.123369436612
0.947368421053 0.718421052632 0.0398789933027
0.947368421053 0.734210526316 0.0629778213811
0.947368421053 0.75 0.0881933817968
1.0 0.45 0.0103417653282
1.0 0.465789473684 0.116186105602
1.0 0.481578947368 0.0930723330101
1.0 0.497368421053 0.0663630016575
1.0 0.513157894737 0.208776019938
1.0 0.528947368421 0.117302769162
1.0 0.544736842105 0.289248282769
1.0 0.560526315789 0.74371061741
1.0 0.576315789474 0.996771226498
1.0 0.592105263158 0.996488712221
1.0 0.607894736842 0.8913716084
1.0 0.623684210526 0.282897834475
1.0 0.639473684211 0.123297156961
1.0 0.655263157895 0.210073188423
1.0 0.671052631579 0.074788196228
1.0 0.686842105263 0.0842682435976
1.0 0.702631578947 0.123742713416
1.0 0.718421052632 0.0412859827393
1.0 0.734210526316 0.0621196864787
1.0 0.75 0.0883832918756
