0.0 -1.2 nan
0.0 -1.13846153846 nan
0.0 -1.07692307692 nan
0.0 -1.01538461538 nan
0.0 -0.953846153846 nan
0.0 -0.892307692308 nan
0.0 -0.830769230769 0.999751004516
0.0 -0.769230769231 0.992116408591
0.0 -0.707692307692 0.998121110374
0.0 -0.646153846154 0.0166674471459
0.0 -0.584615384615 0.0100103328084
0.0 -0.523076923077 0.00893059603593
0.0 -0.461538461538 0.011929996618
0.0 -0.4 0.00287989542356
0.0 -0.338461538462 0.00823736106371
0.0 -0.276923076923 0.0215479474281
0.0 -0.215384615385 0.0254201947647
0.0 -0.153846153846 0.00833269852941
0.0 -0.0923076923077 0.00467262263307
0.0 -0.0307692307692 0.00700221734188
0.0 0.0307692307692 0.0104826069085
0.0 0.0923076923077 0.0231473829116
0.0 0.153846153846 0.0313843641418
0.0 0.215384615385 0.0224768207454
0.0 0.276923076923 0.00527986393977
0.0 0.338461538462 0.0272859883446
0.0 0.4 0.0199330565367
0.0 0.461538461538 0.00288093238279
0.0 0.523076923077 0.0346246909637
0.0 0.584615384615 0.0244055103118
0.0 0.646153846154 0.0246086085379
0.0 0.707692307692 0.0325973998655
0.0 0.769230769231 0.01276502482
0.0 0.830769230769 0.0483864615083
0.0 0.892307692308 0.00412177351136
0.0 0.953846153846 0.0619075820142
0.0 1.01538461538 0.000790035231332
0.0 1.07692307692 0.0714957123125
0.0 1.13846153846 0.0078789348908
0.0 1.2 0.0841161777538
0.025641025641 -1.2 0.999999875289
0.025641025641 -1.13846153846 0.999999875495
0.025641025641 -1.07692307692 0.999846089371
0.025641025641 -1.01538461538 0.999821151103
0.025641025641 -0.953846153846 0.964725445393
0.025641025641 -0.892307692308 0.999999632901
0.025641025641 -0.830769230769 0.999999620943
0.025641025641 -0.769230769231 0.999049651243
0.025641025641 -0.707692307692 0.00616700189728
0.025641025641 -0.646153846154 0.0166674888794
0.025641025641 -0.584615384615 0.0100102965514
0.025641025641 -0.523076923077 0.00888432224396
0.025641025641 -0.461538461538 0.00826436078854
0.025641025641 -0.4 0.00585429081958
0.025641025641 -0.338461538462 0.00804840411139
0.025641025641 -0.276923076923 0.0175263755499
0.025641025641 -0.215384615385 0.0298702780641
0.025641025641 -0.153846153846 0.0330337968796
0.025641025641 -0.0923076923077 0.00636336436462
0.025641025641 -0.0307692307692 0.00665866375767
0.025641025641 0.0307692307692 0.0106855994362
0.025641025641 0.0923076923077 0.0190054526295
0.025641025641 0.153846153846 0.024589638507
0.025641025641 0.215384615385 0.0153624349306
0.025641025641 0.276923076923 0.0202292640532
0.025641025641 0.338461538462 0.043706745901
0.025641025641 0.4 0.0385926609231
0.025641025641 0.461538461538 0.0174629495057
0.025641025641 0.523076923077 0.0476683740971
0.025641025641 0.584615384615 0.0478305811251
0.025641025641 0.646153846154 0.0131570902732
0.025641025641 0.707692307692 0.039678926519
0.025641025641 0.769230769231 0.0232251148033
0.025641025641 0.830769230769 0.0268725784087
0.025641025641 0.892307692308 0.0383259039204
0.025641025641 0.953846153846 0.0260979062914
0.025641025641 1.01538461538 0.0443859355647
0.025641025641 1.07692307692 0.0579459114668
0.025641025641 1.13846153846 0.0616609999944
0.025641025641 1.2 0.102661315665
0.0512820512821 -1.2 0.00314377178091
0.0512820512821 -1.13846153846 0.00467806722
0.0512820512821 -1.07692307692 0.0142624245705
0.0512820512821 -1.01538461538 0.0134183312512
0.0512820512821 -0.953846153846 0.0199146605953
0.0512820512821 -0.892307692308 0.0236642708434
0.0512820512821 -0.830769230769 0.0117365293105
0.0512820512821 -0.769230769231 0.0104596839134
0.0512820512821 -0.707692307692 0.00616681524176
0.0512820512821 -0.646153846154 0.0166679018291
0.0512820512821 -0.584615384615 0.0100101833309
0.0512820512821 -0.523076923077 0.00884304468738
0.0512820512821 -0.461538461538 0.00425538777546
0.0512820512821 -0.4 0.0109352985601
0.0512820512821 -0.338461538462 0.0104093921706
0.0512820512821 -0.276923076923 0.0192136871976
0.0512820512821 -0.215384615385 0.0490881013276
0.0512820512821 -0.153846153846 0.105977617937
0.0512820512821 -0.0923076923077 0.0153076971251
0.0512820512821 -0.0307692307692 0.0154225282224
0.0512820512821 0.0307692307692 0.0176016288207
0.0512820512821 0.0923076923077 0.0203606345428
0.0512820512821 0.153846153846 0.0295972621355
0.0512820512821 0.215384615385 0.0244612620355
0.0512820512821 0.276923076923 0.0347615364002
0.0512820512821 0.338461538462 0.0592626153022
0.0512820512821 0.4 0.0597795843121
0.0512820512821 0.461538461538 0.0373713401257
0.0512820512821 0.523076923077 0.0611043043712
0.0512820512821 0.584615384615 0.0699538330935
0.0512820512821 0.646153846154 0.027607369695
0.0512820512821 0.707692307692 0.0567912258574
0.0512820512821 0.769230769231 0.0567811140189
0.0512820512821 0.830769230769 0.0222022573833
0.0512820512821 0.892307692308 0.0728016284675
0.0512820512821 0.953846153846 0.0442774849927
0.0512820512821 1.01538461538 0.0851787599591
0.0512820512821 1.07692307692 0.106854278024
0.0512820512821 1.13846153846 0.107625397349
0.0512820512821 1.2 0.18534668107
0.0769230769231 -1.2 0.00324314329493
0.0769230769231 -1.13846153846 0.00852945071255
0.0769230769231 -1.07692307692 0.00817251889696
0.0769230769231 -1.01538461538 0.0161237134245
0.0769230769231 -0.953846153846 0.0152860939997
0.0769230769231 -0.892307692308 0.998081158103
0.0769230769231 -0.830769230769 0.99297796879
0.0769230769231 -0.769230769231 0.99794319106
0.0769230769231 -0.707692307692 0.998334238228
0.0769230769231 -0.646153846154 0.0166674025497
0.0769230769231 -0.584615384615 0.0100103918775
0.0769230769231 -0.523076923077 0.00880613064924
0.0769230769231 -0.461538461538 0.00207419175821
0.0769230769231 -0.4 0.0162178639164
0.0769230769231 -0.338461538462 0.01398922789
0.0769230769231 -0.276923076923 0.0236174411567
0.0769230769231 -0.215384615385 0.0662289315108
0.0769230769231 -0.153846153846 0.110923166391
0.0769230769231 -0.0923076923077 0.0249644884742
0.0769230769231 -0.0307692307692 0.0240284547784
0.0769230769231 0.0307692307692 0.0249322542757
0.0769230769231 0.0923076923077 0.0271068057303
0.0769230769231 0.153846153846 0.0418908497198
0.0769230769231 0.215384615385 0.038822086003
0.0769230769231 0.276923076923 0.0492112720534
0.0769230769231 0.338461538462 0.0717824295777
0.0769230769231 0.4 0.0809081892602
0.0769230769231 0.461538461538 0.0569160165435
0.0769230769231 0.523076923077 0.0739495265663
0.0769230769231 0.584615384615 0.0901592884283
0.0769230769231 0.646153846154 0.0507933934448
0.0769230769231 0.707692307692 0.0737240335675
0.0769230769231 0.769230769231 0.0906120562365
0.0769230769231 0.830769230769 0.0456825597474
0.0769230769231 0.892307692308 0.105107379301
0.0769230769231 0.953846153846 0.0982590169661
0.0769230769231 1.01538461538 0.119732305446
0.0769230769231 1.07692307692 0.181497769133
0.0769230769231 1.13846153846 0.149683420219
0.0769230769231 1.2 0.270884158188
0.102564102564 -1.2 0.00314476184502
0.102564102564 -1.13846153846 0.00530195870498
0.102564102564 -1.07692307692 0.0117030667933
0.102564102564 -1.01538461538 0.00996446468045
0.102564102564 -0.953846153846 0.0160632332453
0.102564102564 -0.892307692308 0.0170861287104
0.102564102564 -0.830769230769 0.0176238260107
0.102564102564 -0.769230769231 0.0105590513156
0.102564102564 -0.707692307692 0.00616698173121
0.102564102564 -0.646153846154 0.0166672547514
0.102564102564 -0.584615384615 0.0100101910321
0.102564102564 -0.523076923077 0.00877289892509
0.102564102564 -0.461538461538 0.00695487735204
0.102564102564 -0.4 0.0215669044784
0.102564102564 -0.338461538462 0.0135589996824
0.102564102564 -0.276923076923 0.0164688339695
0.102564102564 -0.215384615385 0.0712623704902
0.102564102564 -0.153846153846 0.107586787286
0.102564102564 -0.0923076923077 0.0584267398597
0.102564102564 -0.0307692307692 0.0320520766746
0.102564102564 0.0307692307692 0.030998606432
0.102564102564 0.0923076923077 0.0363927734637
0.102564102564 0.153846153846 0.0564059017132
0.102564102564 0.215384615385 0.0540025439372
0.102564102564 0.276923076923 0.0638022415322
0.102564102564 0.338461538462 0.0830365029701
0.102564102564 0.4 0.101292829207
0.102564102564 0.461538461538 0.0761918553227
0.102564102564 0.523076923077 0.08837861364
0.102564102564 0.584615384615 0.108301989483
0.102564102564 0.646153846154 0.0774306491156
0.102564102564 0.707692307692 0.0895107915772
0.102564102564 0.769230769231 0.122007760088
0.102564102564 0.830769230769 0.0823704129769
0.102564102564 0.892307692308 0.135289122521
0.102564102564 0.953846153846 0.162560943735
0.102564102564 1.01538461538 0.152090699167
0.102564102564 1.07692307692 0.247196144183
0.102564102564 1.13846153846 0.212706948553
0.102564102564 1.2 0.315714485337
0.128205128205 -1.2 0.00322587223292
0.128205128205 -1.13846153846 0.0132078608627
0.128205128205 -1.07692307692 0.0158892092666
0.128205128205 -1.01538461538 0.0171187369262
0.128205128205 -0.953846153846 0.0128416817834
0.128205128205 -0.892307692308 0.0236616281274
0.128205128205 -0.830769230769 0.0185742168757
0.128205128205 -0.769230769231 0.00314209564656
0.128205128205 -0.707692307692 0.00616693364316
0.128205128205 -0.646153846154 0.0166676952406
0.128205128205 -0.584615384615 0.0100101836814
0.128205128205 -0.523076923077 0.00874267659732
0.128205128205 -0.461538461538 0.0128018558813
0.128205128205 -0.4 0.0269510901704
0.128205128205 -0.338461538462 0.0153618971277
0.128205128205 -0.276923076923 0.031877170499
0.128205128205 -0.215384615385 0.0759772169631
0.128205128205 -0.153846153846 0.107029764583
0.128205128205 -0.0923076923077 0.0959180193967
0.128205128205 -0.0307692307692 0.0383292433768
0.128205128205 0.0307692307692 0.0355003781748
0.128205128205 0.0923076923077 0.0466552231
0.128205128205 0.153846153846 0.0711926859039
0.128205128205 0.215384615385 0.0698499036878
0.128205128205 0.276923076923 0.0794296712774
0.128205128205 0.338461538462 0.0957187503775
0.128205128205 0.4 0.120962569995
0.128205128205 0.461538461538 0.0952717692103
0.128205128205 0.523076923077 0.105792628
0.128205128205 0.584615384615 0.125437083304
0.128205128205 0.646153846154 0.106499147873
0.128205128205 0.707692307692 0.10490575895
0.128205128205 0.769230769231 0.148449332886
0.128205128205 0.830769230769 0.129724707826
0.128205128205 0.892307692308 0.160513632784
0.128205128205 0.953846153846 0.22501814789
0.128205128205 1.01538461538 0.195461293199
0.128205128205 1.07692307692 0.285603624572
0.128205128205 1.13846153846 0.344538530149
0.128205128205 1.2 0.341807246406
0.153846153846 -1.2 0.996647124738
0.153846153846 -1.13846153846 0.996643321095
0.153846153846 -1.07692307692 0.996559628483
0.153846153846 -1.01538461538 0.996047624549
0.153846153846 -0.953846153846 0.994251871658
0.153846153846 -0.892307692308 0.999998759566
0.153846153846 -0.830769230769 0.999998711863
0.153846153846 -0.769230769231 0.99999939958
0.153846153846 -0.707692307692 0.999999849981
0.153846153846 -0.646153846154 0.016667665995
0.153846153846 -0.584615384615 0.010010123071
0.153846153846 -0.523076923077 0.00871501657068
0.153846153846 -0.461538461538 0.0177271066288
0.153846153846 -0.4 0.0322516689352
0.153846153846 -0.338461538462 0.0131295031039
0.153846153846 -0.276923076923 0.0248639408486
0.153846153846 -0.215384615385 0.0804367097864
0.153846153846 -0.153846153846 0.107789345354
0.153846153846 -0.0923076923077 0.120409226103
0.153846153846 -0.0307692307692 0.0446205332924
0.153846153846 0.0307692307692 0.0405218734033
0.153846153846 0.0923076923077 0.0407030247127
0.153846153846 0.153846153846 0.08319901729
0.153846153846 0.215384615385 0.0873607083973
0.153846153846 0.276923076923 0.0958140063896
0.153846153846 0.338461538462 0.108811582817
0.153846153846 0.4 0.140093335188
0.153846153846 0.461538461538 0.114032639926
0.153846153846 0.523076923077 0.12549275261
0.153846153846 0.584615384615 0.142976749414
0.153846153846 0.646153846154 0.136898664918
0.153846153846 0.707692307692 0.122332505479
0.153846153846 0.769230769231 0.172875650979
0.153846153846 0.830769230769 0.184073877366
0.153846153846 0.892307692308 0.186394739603
0.153846153846 0.953846153846 0.267117600499
0.153846153846 1.01538461538 0.276942878444
0.153846153846 1.07692307692 0.309538038496
0.153846153846 1.13846153846 0.424631806752
0.153846153846 1.2 0.513002441723
0.179487179487 -1.2 0.0111202087442
0.179487179487 -1.13846153846 0.00573430843414
0.179487179487 -1.07692307692 0.99884108527
0.179487179487 -1.01538461538 0.998833851394
0.179487179487 -0.953846153846 0.998093731171
0.179487179487 -0.892307692308 0.998093730973
0.179487179487 -0.830769230769 0.999998502305
0.179487179487 -0.769230769231 0.999999455668
0.179487179487 -0.707692307692 0.00616744096728
0.179487179487 -0.646153846154 0.0166671244243
0.179487179487 -0.584615384615 0.0100102300342
0.179487179487 -0.523076923077 0.00868989290581
0.179487179487 -0.461538461538 0.0208123826334
0.179487179487 -0.4 0.0368503104584
0.179487179487 -0.338461538462 0.0141645460708
0.179487179487 -0.276923076923 0.017660544875
0.179487179487 -0.215384615385 0.084780339566
0.179487179487 -0.153846153846 0.109335376502
0.179487179487 -0.0923076923077 0.118931808112
0.179487179487 -0.0307692307692 0.0880433008935
0.179487179487 0.0307692307692 0.0427959676883
0.179487179487 0.0923076923077 0.0479804841345
0.179487179487 0.153846153846 0.0916355592064
0.179487179487 0.215384615385 0.109082354868
0.179487179487 0.276923076923 0.113947501811
0.179487179487 0.338461538462 0.122190893733
0.179487179487 0.4 0.158233005998
0.179487179487 0.461538461538 0.132374198251
0.179487179487 0.523076923077 0.1205993282
0.179487179487 0.584615384615 0.161514959009
0.179487179487 0.646153846154 0.175317390519
0.179487179487 0.707692307692 0.144131609511
0.179487179487 0.769230769231 0.197663015612
0.179487179487 0.830769230769 0.238933129225
0.179487179487 0.892307692308 0.220635331746
0.179487179487 0.953846153846 0.293571733673
0.179487179487 1.01538461538 0.373275170672
0.179487179487 1.07692307692 0.370011963536
0.179487179487 1.13846153846 0.440312545771
0.179487179487 1.2 0.569006369132
0.205128205128 -1.2 0.00939245119304
0.205128205128 -1.13846153846 0.0123117389778
0.205128205128 -1.07692307692 0.998213727381
0.205128205128 -1.01538461538 0.99821370427
0.205128205128 -0.953846153846 0.998091466587
0.205128205128 -0.892307692308 0.998091199563
0.205128205128 -0.830769230769 0.998091138901
0.205128205128 -0.769230769231 0.998092830766
0.205128205128 -0.707692307692 0.999999999051
0.205128205128 -0.646153846154 0.0166675173998
0.205128205128 -0.584615384615 0.0100103506806
0.205128205128 -0.523076923077 0.00866668549219
0.205128205128 -0.461538461538 0.0235106750796
0.205128205128 -0.4 0.0381452937129
0.205128205128 -0.338461538462 0.0174816018434
0.205128205128 -0.276923076923 0.0322188558572
0.205128205128 -0.215384615385 0.089084519857
0.205128205128 -0.153846153846 0.111431712865
0.205128205128 -0.0923076923077 0.115458159279
0.205128205128 -0.0307692307692 0.1110588185
0.205128205128 0.0307692307692 0.0472617965976
0.205128205128 0.0923076923077 0.0566264554102
0.205128205128 0.153846153846 0.0978229212181
0.205128205128 0.215384615385 0.145806025528
0.205128205128 0.276923076923 0.138625031836
0.205128205128 0.338461538462 0.137053000571
0.205128205128 0.4 0.174041431555
0.205128205128 0.461538461538 0.150368246755
0.205128205128 0.523076923077 0.133385235646
0.205128205128 0.584615384615 0.180113794227
0.205128205128 0.646153846154 0.194273981043
0.205128205128 0.707692307692 0.1771678423
0.205128205128 0.769230769231 0.218978912311
0.205128205128 0.830769230769 0.28054075424
0.205128205128 0.892307692308 0.287264470953
0.205128205128 0.953846153846 0.316408783844
0.205128205128 1.01538461538 0.405348409503
0.205128205128 1.07692307692 0.50283247287
0.205128205128 1.13846153846 0.603601726839
0.205128205128 1.2 0.761331623214
0.230769230769 -1.2 0.00479420850908
0.230769230769 -1.13846153846 0.989825151194
0.230769230769 -1.07692307692 0.989682753931
0.230769230769 -1.01538461538 0.988320408164
0.230769230769 -0.953846153846 0.997137986818
0.230769230769 -0.892307692308 0.997139363058
0.230769230769 -0.830769230769 0.998090431528
0.230769230769 -0.769230769231 0.999998327345
0.230769230769 -0.707692307692 0.00616735172149
0.230769230769 -0.646153846154 0.0166673326159
0.230769230769 -0.584615384615 0.0100101689112
0.230769230769 -0.523076923077 0.00864542186822
0.230769230769 -0.461538461538 0.0282600688262
0.230769230769 -0.4 0.0398767322032
0.230769230769 -0.338461538462 0.0206710289733
0.230769230769 -0.276923076923 0.0199973556762
0.230769230769 -0.215384615385 0.0933868194162
0.230769230769 -0.153846153846 0.113964658005
0.230769230769 -0.0923076923077 0.0861462396207
0.230769230769 -0.0307692307692 0.111216850272
0.230769230769 0.0307692307692 0.0709189559185
0.230769230769 0.0923076923077 0.0651506365273
0.230769230769 0.153846153846 0.107545235823
0.230769230769 0.215384615385 0.144997595232
0.230769230769 0.276923076923 0.179376257713
0.230769230769 0.338461538462 0.158287354258
0.230769230769 0.4 0.170373145589
0.230769230769 0.461538461538 0.168260928983
0.230769230769 0.523076923077 0.14901154585
0.230769230769 0.584615384615 0.196195453157
0.230769230769 0.646153846154 0.218614222718
0.230769230769 0.707692307692 0.221135372102
0.230769230769 0.769230769231 0.240685368503
0.230769230769 0.830769230769 0.307888027753
0.230769230769 0.892307692308 0.366003334129
0.230769230769 0.953846153846 0.370171005909
0.230769230769 1.01538461538 0.423945075697
0.230769230769 1.07692307692 0.515370928598
0.230769230769 1.13846153846 0.626738204016
0.230769230769 1.2 0.971571728897
0.25641025641 -1.2 0.0050906723609
0.25641025641 -1.13846153846 0.00975223808964
0.25641025641 -1.07692307692 0.0132504697908
0.25641025641 -1.01538461538 0.0146071297105
0.25641025641 -0.953846153846 0.0139196738244
0.25641025641 -0.892307692308 0.998093734274
0.25641025641 -0.830769230769 0.998093689199
0.25641025641 -0.769230769231 0.999999251532
0.25641025641 -0.707692307692 0.999999997346
0.25641025641 -0.646153846154 0.0166675909124
0.25641025641 -0.584615384615 0.0100101501857
0.25641025641 -0.523076923077 0.00862576113229
0.25641025641 -0.461538461538 0.033621470147
0.25641025641 -0.4 0.0444532094984
0.25641025641 -0.338461538462 0.0394252865006
0.25641025641 -0.276923076923 0.0406711134646
0.25641025641 -0.215384615385 0.0977081201091
0.25641025641 -0.153846153846 0.116898691689
0.25641025641 -0.0923076923077 0.103092638819
0.25641025641 -0.0307692307692 0.0998075629016
0.25641025641 0.0307692307692 0.113566146944
0.25641025641 0.0923076923077 0.0812643330845
0.25641025641 0.153846153846 0.117343802778
0.25641025641 0.215384615385 0.145491621716
0.25641025641 0.276923076923 0.186676265529
0.25641025641 0.338461538462 0.138584646049
0.25641025641 0.4 0.169804327103
0.25641025641 0.461538461538 0.177739235031
0.25641025641 0.523076923077 0.164817704184
0.25641025641 0.584615384615 0.216628024445
0.25641025641 0.646153846154 0.245369670575
0.25641025641 0.707692307692 0.260929711847
0.25641025641 0.769230769231 0.267522568963
0.25641025641 0.830769230769 0.333294153094
0.25641025641 0.892307692308 0.393944154836
0.25641025641 0.953846153846 0.473295330698
0.25641025641 1.01538461538 0.548496940825
0.25641025641 1.07692307692 0.661048944563
0.25641025641 1.13846153846 0.794023968777
0.25641025641 1.2 0.984496906095
0.282051282051 -1.2 0.0116830328149
0.282051282051 -1.13846153846 0.00550482448662
0.282051282051 -1.07692307692 0.00822062018039
0.282051282051 -1.01538461538 0.0104103858782
0.282051282051 -0.953846153846 0.0147140153879
0.282051282051 -0.892307692308 0.0239481863648
0.282051282051 -0.830769230769 0.0192875596488
0.282051282051 -0.769230769231 0.99809216316
0.282051282051 -0.707692307692 0.00616667708756
0.282051282051 -0.646153846154 0.0166674369842
0.282051282051 -0.584615384615 0.0100102264811
0.282051282051 -0.523076923077 0.00860733426448
0.282051282051 -0.461538461538 0.03653494473
0.282051282051 -0.4 0.0474297428891
0.282051282051 -0.338461538462 0.0526749141461
0.282051282051 -0.276923076923 0.0438171949862
0.282051282051 -0.215384615385 0.102061593474
0.282051282051 -0.153846153846 0.120223066549
0.282051282051 -0.0923076923077 0.107760706656
0.282051282051 -0.0307692307692 0.093859411892
0.282051282051 0.0307692307692 0.0798939036363
0.282051282051 0.0923076923077 0.0986588587518
0.282051282051 0.153846153846 0.120445828279
0.282051282051 0.215384615385 0.137640495234
0.282051282051 0.276923076923 0.171465922631
0.282051282051 0.338461538462 0.150092689238
0.282051282051 0.4 0.172116322436
0.282051282051 0.461538461538 0.210894661942
0.282051282051 0.523076923077 0.18102312114
0.282051282051 0.584615384615 0.235240775692
0.282051282051 0.646153846154 0.260736540368
0.282051282051 0.707692307692 0.30399842119
0.282051282051 0.769230769231 0.311134446558
0.282051282051 0.830769230769 0.348496964798
0.282051282051 0.892307692308 0.417523905956
0.282051282051 0.953846153846 0.508829849175
0.282051282051 1.01538461538 0.580769401088
0.282051282051 1.07692307692 0.680472610621
0.282051282051 1.13846153846 0.982751093632
0.282051282051 1.2 0.985796822415
0.307692307692 -1.2 0.00942719410372
0.307692307692 -1.13846153846 0.00533672570325
0.307692307692 -1.07692307692 0.00963140301649
0.307692307692 -1.01538461538 0.0171873432353
0.307692307692 -0.953846153846 0.013473395667
0.307692307692 -0.892307692308 0.0138651408539
0.307692307692 -0.830769230769 0.992167394466
0.307692307692 -0.769230769231 0.996091882828
0.307692307692 -0.707692307692 0.00616741446752
0.307692307692 -0.646153846154 0.0166678022934
0.307692307692 -0.584615384615 0.0100101614894
0.307692307692 -0.523076923077 0.00859039988039
0.307692307692 -0.461538461538 0.0400866014646
0.307692307692 -0.4 0.0404689059075
0.307692307692 -0.338461538462 0.0488240450347
0.307692307692 -0.276923076923 0.0547473450735
0.307692307692 -0.215384615385 0.106454239156
0.307692307692 -0.153846153846 0.123844938152
0.307692307692 -0.0923076923077 0.111922188204
0.307692307692 -0.0307692307692 0.0861951792498
0.307692307692 0.0307692307692 0.104729002707
0.307692307692 0.0923076923077 0.0996642862403
0.307692307692 0.153846153846 0.120670445819
0.307692307692 0.215384615385 0.137032145562
0.307692307692 0.276923076923 0.179194430763
0.307692307692 0.338461538462 0.160584598362
0.307692307692 0.4 0.180310689302
0.307692307692 0.461538461538 0.205224453688
0.307692307692 0.523076923077 0.199138033709
0.307692307692 0.584615384615 0.250440411357
0.307692307692 0.646153846154 0.287196753455
0.307692307692 0.707692307692 0.313529024844
0.307692307692 0.769230769231 0.373476636743
0.307692307692 0.830769230769 0.393402198872
0.307692307692 0.892307692308 0.467769856033
0.307692307692 0.953846153846 0.514848837704
0.307692307692 1.01538461538 0.699169984356
0.307692307692 1.07692307692 0.810195022166
0.307692307692 1.13846153846 0.985255635738
0.307692307692 1.2 0.986541721484
0.333333333333 -1.2 0.954637212591
0.333333333333 -1.13846153846 0.95463290146
0.333333333333 -1.07692307692 0.954611909903
0.333333333333 -1.01538461538 0.99820068206
0.333333333333 -0.953846153846 0.997141907747
0.333333333333 -0.892307692308 0.998089535257
0.333333333333 -0.830769230769 0.997124797111
0.333333333333 -0.769230769231 0.998074951618
0.333333333333 -0.707692307692 0.00616749395302
0.333333333333 -0.646153846154 0.016667428605
0.333333333333 -0.584615384615 0.0100101601495
0.333333333333 -0.523076923077 0.00857454924866
0.333333333333 -0.461538461538 0.0461692006924
0.333333333333 -0.4 0.0294076207245
0.333333333333 -0.338461538462 0.0672571405744
0.333333333333 -0.276923076923 0.0639302996309
0.333333333333 -0.215384615385 0.11088967443
0.333333333333 -0.153846153846 0.127388663878
0.333333333333 -0.0923076923077 0.110183328192
0.333333333333 -0.0307692307692 0.0801814950102
0.333333333333 0.0307692307692 0.0987981284745
0.333333333333 0.0923076923077 0.0984047048975
0.333333333333 0.153846153846 0.122415529998
0.333333333333 0.215384615385 0.138520709286
0.333333333333 0.276923076923 0.182598156827
0.333333333333 0.338461538462 0.176945287806
0.333333333333 0.4 0.199937696299
0.333333333333 0.461538461538 0.215316481157
0.333333333333 0.523076923077 0.228765380424
0.333333333333 0.584615384615 0.284452310667
0.333333333333 0.646153846154 0.311661444462
0.333333333333 0.707692307692 0.342556847652
0.333333333333 0.769230769231 0.399418980103
0.333333333333 0.830769230769 0.414141790883
0.333333333333 0.892307692308 0.539423875152
0.333333333333 0.953846153846 0.634801079781
0.333333333333 1.01538461538 0.733676554681
0.333333333333 1.07692307692 0.984293700028
0.333333333333 1.13846153846 0.985997060772
0.333333333333 1.2 0.98715295918
0.358974358974 -1.2 0.00409726777132
0.358974358974 -1.13846153846 0.997036158258
0.358974358974 -1.07692307692 0.997032922442
0.358974358974 -1.01538461538 0.999657209144
0.358974358974 -0.953846153846 0.999819055158
0.358974358974 -0.892307692308 0.9999998387
0.358974358974 -0.830769230769 0.999999860251
0.358974358974 -0.769230769231 0.99903926483
0.358974358974 -0.707692307692 0.00616753790537
0.358974358974 -0.646153846154 0.0166674784603
0.358974358974 -0.584615384615 0.0100102421501
0.358974358974 -0.523076923077 0.00855980475472
0.358974358974 -0.461538461538 0.0492583573706
0.358974358974 -0.4 0.0426704015353
0.358974358974 -0.338461538462 0.0742894587535
0.358974358974 -0.276923076923 0.0720100376239
0.358974358974 -0.215384615385 0.11537130845
0.358974358974 -0.153846153846 0.130927836408
0.358974358974 -0.0923076923077 0.105580290023
0.358974358974 -0.0307692307692 0.0725761915311
0.358974358974 0.0307692307692 0.0813465365687
0.358974358974 0.0923076923077 0.114613122
0.358974358974 0.153846153846 0.153776888271
0.358974358974 0.215384615385 0.134383761431
0.358974358974 0.276923076923 0.155808260944
0.358974358974 0.338461538462 0.179406926691
0.358974358974 0.4 0.160514167266
0.358974358974 0.461538461538 0.183334397835
0.358974358974 0.523076923077 0.22093477689
0.358974358974 0.584615384615 0.265978264767
0.358974358974 0.646153846154 0.305455184853
0.358974358974 0.707692307692 0.350833063002
0.358974358974 0.769230769231 0.403598861315
0.358974358974 0.830769230769 0.439766786479
0.358974358974 0.892307692308 0.57946233225
0.358974358974 0.953846153846 0.660997990092
0.358974358974 1.01538461538 0.833469301783
0.358974358974 1.07692307692 0.985530573215
0.358974358974 1.13846153846 0.986529854899
0.358974358974 1.2 0.987698937511
0.384615384615 -1.2 0.999083172375
0.384615384615 -1.13846153846 0.999081411205
0.384615384615 -1.07692307692 0.999032964654
0.384615384615 -1.01538461538 0.99854400308
0.384615384615 -0.953846153846 0.998562702789
0.384615384615 -0.892307692308 0.99999861053
0.384615384615 -0.830769230769 0.998094022907
0.384615384615 -0.769230769231 0.998094694343
0.384615384615 -0.707692307692 0.911959434603
0.384615384615 -0.646153846154 0.0166675350256
0.384615384615 -0.584615384615 0.0100101883645
0.384615384615 -0.523076923077 0.00854601043498
0.384615384615 -0.461538461538 0.0500773010842
0.384615384615 -0.4 0.0487832599013
0.384615384615 -0.338461538462 0.0678397480908
0.384615384615 -0.276923076923 0.079324732031
0.384615384615 -0.215384615385 0.11990086049
0.384615384615 -0.153846153846 0.136112994078
0.384615384615 -0.0923076923077 0.102961207979
0.384615384615 -0.0307692307692 0.0764097886386
0.384615384615 0.0307692307692 0.0760802820117
0.384615384615 0.0923076923077 0.129803929106
0.384615384615 0.153846153846 0.136948649663
0.384615384615 0.215384615385 0.133846850903
0.384615384615 0.276923076923 0.179928035832
0.384615384615 0.338461538462 0.212217266689
0.384615384615 0.4 0.181908495774
0.384615384615 0.461538461538 0.198726339453
0.384615384615 0.523076923077 0.190190495943
0.384615384615 0.584615384615 0.283889275047
0.384615384615 0.646153846154 0.317852968105
0.384615384615 0.707692307692 0.327641685885
0.384615384615 0.769230769231 0.451901605191
0.384615384615 0.830769230769 0.491906570689
0.384615384615 0.892307692308 0.637638607261
0.384615384615 0.953846153846 0.741298272262
0.384615384615 1.01538461538 0.984775675977
0.384615384615 1.07692307692 0.986031066495
0.384615384615 1.13846153846 0.987006371733
0.384615384615 1.2 0.988195781074
0.410256410256 -1.2 0.0106278924844
0.410256410256 -1.13846153846 0.00573305636093
0.410256410256 -1.07692307692 0.999993324174
0.410256410256 -1.01538461538 0.999993324113
0.410256410256 -0.953846153846 0.999993508103
0.410256410256 -0.892307692308 0.999999993407
0.410256410256 -0.830769230769 0.994170325417
0.410256410256 -0.769230769231 0.994187440041
0.410256410256 -0.707692307692 0.00616728208063
0.410256410256 -0.646153846154 0.0166675415251
0.410256410256 -0.584615384615 0.0100102254039
0.410256410256 -0.523076923077 0.00853293668608
0.410256410256 -0.461538461538 0.0577833490869
0.410256410256 -0.4 0.0586254648714
0.410256410256 -0.338461538462 0.0449079212572
0.410256410256 -0.276923076923 0.0860802167294
0.410256410256 -0.215384615385 0.124477941438
0.410256410256 -0.153846153846 0.140789825296
0.410256410256 -0.0923076923077 0.102154643354
0.410256410256 -0.0307692307692 0.0967630649688
0.410256410256 0.0307692307692 0.0928603446904
0.410256410256 0.0923076923077 0.130686276588
0.410256410256 0.153846153846 0.163366201142
0.410256410256 0.215384615385 0.140694049625
0.410256410256 0.276923076923 0.178286154763
0.410256410256 0.338461538462 0.208188922406
0.410256410256 0.4 0.186697830928
0.410256410256 0.461538461538 0.207922785153
0.410256410256 0.523076923077 0.199005263563
0.410256410256 0.584615384615 0.280763469253
0.410256410256 0.646153846154 0.287505634728
0.410256410256 0.707692307692 0.415281483847
0.410256410256 0.769230769231 0.446979855066
0.410256410256 0.830769230769 0.507849297754
0.410256410256 0.892307692308 0.532002481193
0.410256410256 0.953846153846 0.761106971911
0.410256410256 1.01538461538 0.985626134864
0.410256410256 1.07692307692 0.986432452739
0.410256410256 1.13846153846 0.987451900707
0.410256410256 1.2 0.988649232842
0.435897435897 -1.2 0.998629344308
0.435897435897 -1.13846153846 0.998628777449
0.435897435897 -1.07692307692 0.998618119681
0.435897435897 -1.01538461538 0.998598247539
0.435897435897 -0.953846153846 0.998082893854
0.435897435897 -0.892307692308 0.996181117458
0.435897435897 -0.830769230769 0.998088646498
0.435897435897 -0.769230769231 0.998092668587
0.435897435897 -0.707692307692 0.999999995588
0.435897435897 -0.646153846154 0.0166672809828
0.435897435897 -0.584615384615 0.0100103597527
0.435897435897 -0.523076923077 0.00852079665328
0.435897435897 -0.461538461538 0.0715073073467
0.435897435897 -0.4 0.0627291637096
0.435897435897 -0.338461538462 0.0751591952321
0.435897435897 -0.276923076923 0.0924107062085
0.435897435897 -0.215384615385 0.12910256256
0.435897435897 -0.153846153846 0.132746210852
0.435897435897 -0.0923076923077 0.102190590941
0.435897435897 -0.0307692307692 0.112430428524
0.435897435897 0.0307692307692 0.123736849567
0.435897435897 0.0923076923077 0.141868212397
0.435897435897 0.153846153846 0.167890794651
0.435897435897 0.215384615385 0.180910468368
0.435897435897 0.276923076923 0.212411724822
0.435897435897 0.338461538462 0.239435849955
0.435897435897 0.4 0.226877342871
0.435897435897 0.461538461538 0.218026768663
0.435897435897 0.523076923077 0.277973548889
0.435897435897 0.584615384615 0.3026293208
0.435897435897 0.646153846154 0.335467962111
0.435897435897 0.707692307692 0.432292098742
0.435897435897 0.769230769231 0.444068853184
0.435897435897 0.830769230769 0.600254032233
0.435897435897 0.892307692308 0.700017828179
0.435897435897 0.953846153846 0.984872231539
0.435897435897 1.01538461538 0.985990048695
0.435897435897 1.07692307692 0.986811438915
0.435897435897 1.13846153846 0.987869652476
0.435897435897 1.2 0.989062496481
0.461538461538 -1.2 0.0112962455903
0.461538461538 -1.13846153846 0.0132925741759
0.461538461538 -1.07692307692 0.0073951590377
0.461538461538 -1.01538461538 0.999205057796
0.461538461538 -0.953846153846 0.999047544198
0.461538461538 -0.892307692308 0.999047545588
0.461538461538 -0.830769230769 0.9999996195
0.461538461538 -0.769230769231 0.999999631447
0.461538461538 -0.707692307692 0.00616781306263
0.461538461538 -0.646153846154 0.016667397086
0.461538461538 -0.584615384615 0.0100101404421
0.461538461538 -0.523076923077 0.00850934018975
0.461538461538 -0.461538461538 0.0857927659339
0.461538461538 -0.4 0.0645164604063
0.461538461538 -0.338461538462 0.0882275920298
0.461538461538 -0.276923076923 0.0984090712316
0.461538461538 -0.215384615385 0.133774292389
0.461538461538 -0.153846153846 0.123474988026
0.461538461538 -0.0923076923077 0.103575604978
0.461538461538 -0.0307692307692 0.123191933142
0.461538461538 0.0307692307692 0.115215725966
0.461538461538 0.0923076923077 0.144233463651
0.461538461538 0.153846153846 0.170522548752
0.461538461538 0.215384615385 0.193844058073
0.461538461538 0.276923076923 0.202393434543
0.461538461538 0.338461538462 0.215540310723
0.461538461538 0.4 0.137567031786
0.461538461538 0.461538461538 0.216802332748
0.461538461538 0.523076923077 0.335877526959
0.461538461538 0.584615384615 0.336236258977
0.461538461538 0.646153846154 0.291273161289
0.461538461538 0.707692307692 0.424178246888
0.461538461538 0.769230769231 0.461836751699
0.461538461538 0.830769230769 0.582460216978
0.461538461538 0.892307692308 0.725819280895
0.461538461538 0.953846153846 0.985644370891
0.461538461538 1.01538461538 0.986294908096
0.461538461538 1.07692307692 0.987178221086
0.461538461538 1.13846153846 0.988260853259
0.461538461538 1.2 0.989438491846
0.487179487179 -1.2 0.00541273679003
0.487179487179 -1.13846153846 0.00713202641311
0.487179487179 -1.07692307692 0.00934815719601
0.487179487179 -1.01538461538 0.984097106196
0.487179487179 -0.953846153846 0.984557360273
0.487179487179 -0.892307692308 0.990280776394
0.487179487179 -0.830769230769 0.992246176323
0.487179487179 -0.769230769231 0.996263273578
0.487179487179 -0.707692307692 0.00616697910891
0.487179487179 -0.646153846154 0.0166671859924
0.487179487179 -0.584615384615 0.0100101803151
0.487179487179 -0.523076923077 0.00849862753928
0.487179487179 -0.461538461538 0.0963995819755
0.487179487179 -0.4 0.0810242156306
0.487179487179 -0.338461538462 0.0728307443187
0.487179487179 -0.276923076923 0.104142909225
0.487179487179 -0.215384615385 0.138493063362
0.487179487179 -0.153846153846 0.129727250254
0.487179487179 -0.0923076923077 0.106760963638
0.487179487179 -0.0307692307692 0.13196673326
0.487179487179 0.0307692307692 0.145277089846
0.487179487179 0.0923076923077 0.184413277453
0.487179487179 0.153846153846 0.182264715883
0.487179487179 0.215384615385 0.199111660538
0.487179487179 0.276923076923 0.190398913945
0.487179487179 0.338461538462 0.220346447274
0.487179487179 0.4 0.210642607375
0.487179487179 0.461538461538 0.238637522756
0.487179487179 0.523076923077 0.274860858405
0.487179487179 0.584615384615 0.31515841054
0.487179487179 0.646153846154 0.381660730687
0.487179487179 0.707692307692 0.445751248379
0.487179487179 0.769230769231 0.497123724679
0.487179487179 0.830769230769 0.68054157589
0.487179487179 0.892307692308 0.984532148476
0.487179487179 0.953846153846 0.985921556548
0.487179487179 1.01538461538 0.986594166293
0.487179487179 1.07692307692 0.987531020998
0.487179487179 1.13846153846 0.988624942991
0.487179487179 1.2 0.989781323013
0.512820512821 -1.2 0.0115297612023
0.512820512821 -1.13846153846 0.00720308515812
0.512820512821 -1.07692307692 0.00752612502102
0.512820512821 -1.01538461538 0.0150981868154
0.512820512821 -0.953846153846 0.999998003345
0.512820512821 -0.892307692308 0.999994024026
0.512820512821 -0.830769230769 0.999995478376
0.512820512821 -0.769230769231 0.98496057982
0.512820512821 -0.707692307692 0.00616724470458
0.512820512821 -0.646153846154 0.0166671723963
0.512820512821 -0.584615384615 0.0100103317462
0.512820512821 -0.523076923077 0.0084883544849
0.512820512821 -0.461538461538 0.0965812075091
0.512820512821 -0.4 0.080781257747
0.512820512821 -0.338461538462 0.0671317501423
0.512820512821 -0.276923076923 0.109664105691
0.512820512821 -0.215384615385 0.143257409477
0.512820512821 -0.153846153846 0.134658678744
0.512820512821 -0.0923076923077 0.111759790964
0.512820512821 -0.0307692307692 0.134420966295
0.512820512821 0.0307692307692 0.142414773227
0.512820512821 0.0923076923077 0.187479741228
0.512820512821 0.153846153846 0.181868404578
0.512820512821 0.215384615385 0.218373420518
0.512820512821 0.276923076923 0.199962183732
0.512820512821 0.338461538462 0.241912600677
0.512820512821 0.4 0.216182146973
0.512820512821 0.461538461538 0.268392115705
0.512820512821 0.523076923077 0.313011274044
0.512820512821 0.584615384615 0.351522855865
0.512820512821 0.646153846154 0.375970456236
0.512820512821 0.707692307692 0.48511800061
0.512820512821 0.769230769231 0.630922083794
0.512820512821 0.830769230769 0.817091481715
0.512820512821 0.892307692308 0.98561931626
0.512820512821 0.953846153846 0.986146322814
0.512820512821 1.01538461538 0.986893300526
0.512820512821 1.07692307692 0.987868795222
0.512820512821 1.13846153846 0.988962774464
0.512820512821 1.2 0.99009341168
0.538461538462 -1.2 0.0079936993391
0.538461538462 -1.13846153846 0.00748273146751
0.538461538462 -1.07692307692 0.998401457382
0.538461538462 -1.01538461538 0.913960898188
0.538461538462 -0.953846153846 0.918697757581
0.538461538462 -0.892307692308 0.933652896487
0.538461538462 -0.830769230769 0.996158962439
0.538461538462 -0.769230769231 0.997112172597
0.538461538462 -0.707692307692 0.00616714388726
0.538461538462 -0.646153846154 0.0166676599119
0.538461538462 -0.584615384615 0.0100103612212
0.538461538462 -0.523076923077 0.00847866885573
0.538461538462 -0.461538461538 0.0936648645367
0.538461538462 -0.4 0.0600771731212
0.538461538462 -0.338461538462 0.0575371091039
0.538461538462 -0.276923076923 0.115010000724
0.538461538462 -0.215384615385 0.148066704758
0.538461538462 -0.153846153846 0.139546037617
0.538461538462 -0.0923076923077 0.118712669896
0.538461538462 -0.0307692307692 0.134722936543
0.538461538462 0.0307692307692 0.155485441786
0.538461538462 0.0923076923077 0.204193917888
0.538461538462 0.153846153846 0.170120173968
0.538461538462 0.215384615385 0.23086567199
0.538461538462 0.276923076923 0.221789923821
0.538461538462 0.338461538462 0.247839877772
0.538461538462 0.4 0.262460611105
0.538461538462 0.461538461538 0.297850315279
0.538461538462 0.523076923077 0.257848343457
0.538461538462 0.584615384615 0.346824883533
0.538461538462 0.646153846154 0.438483890125
0.538461538462 0.707692307692 0.384103954248
0.538461538462 0.769230769231 0.570046510463
0.538461538462 0.830769230769 0.980596986405
0.538461538462 0.892307692308 0.985856588059
0.538461538462 0.953846153846 0.986375645096
0.538461538462 1.01538461538 0.987189679344
0.538461538462 1.07692307692 0.98818942388
0.538461538462 1.13846153846 0.989275641606
0.538461538462 1.2 0.990378109812
0.564102564103 -1.2 0.0100713023574
0.564102564103 -1.13846153846 0.00821924675733
0.564102564103 -1.07692307692 0.0111307516438
0.564102564103 -1.01538461538 0.990885081333
0.564102564103 -0.953846153846 0.990860070617
0.564102564103 -0.892307692308 0.991353268639
0.564102564103 -0.830769230769 0.994207740154
0.564102564103 -0.769230769231 0.994124446086
0.564102564103 -0.707692307692 0.999242599782
0.564102564103 -0.646153846154 0.016667312724
0.564102564103 -0.584615384615 0.010010165668
0.564102564103 -0.523076923077 0.00846968396837
0.564102564103 -0.461538461538 0.0972868605747
0.564102564103 -0.4 0.0646062947269
0.564102564103 -0.338461538462 0.0580026973796
0.564102564103 -0.276923076923 0.120212630694
0.564102564103 -0.215384615385 0.152917634801
0.564102564103 -0.153846153846 0.144668393907
0.564102564103 -0.0923076923077 0.127714710078
0.564102564103 -0.0307692307692 0.162221843548
0.564102564103 0.0307692307692 0.162365251682
0.564102564103 0.0923076923077 0.212066065678
0.564102564103 0.153846153846 0.189580927134
0.564102564103 0.215384615385 0.236974184032
0.564102564103 0.276923076923 0.252405814955
0.564102564103 0.338461538462 0.239550139585
0.564102564103 0.4 0.2673704747
0.564102564103 0.461538461538 0.305392199851
0.564102564103 0.523076923077 0.363391924849
0.564102564103 0.584615384615 0.368174169554
0.564102564103 0.646153846154 0.4635228418
0.564102564103 0.707692307692 0.563757577211
0.564102564103 0.769230769231 0.639993077518
0.564102564103 0.830769230769 0.985494735067
0.564102564103 0.892307692308 0.986014284408
0.564102564103 0.953846153846 0.986613388017
0.564102564103 1.01538461538 0.987479422472
0.564102564103 1.07692307692 0.988492489097
0.564102564103 1.13846153846 0.989565209219
0.564102564103 1.2 0.990638104268
0.589743589744 -1.2 0.00481913615719
0.589743589744 -1.13846153846 0.0122535239919
0.589743589744 -1.07692307692 0.0162848784885
0.589743589744 -1.01538461538 0.0188905487936
0.589743589744 -0.953846153846 0.0183088657086
0.589743589744 -0.892307692308 0.927808881831
0.589743589744 -0.830769230769 0.93133298106
0.589743589744 -0.769230769231 0.978314743741
0.589743589744 -0.707692307692 0.999977670272
0.589743589744 -0.646153846154 0.0166678279834
0.589743589744 -0.584615384615 0.0100103267142
0.589743589744 -0.523076923077 0.00846111727396
0.589743589744 -0.461538461538 0.0968119647842
0.589743589744 -0.4 0.0609814337692
0.589743589744 -0.338461538462 0.0380732320401
0.589743589744 -0.276923076923 0.125297686236
0.589743589744 -0.215384615385 0.15780165382
0.589743589744 -0.153846153846 0.15006275796
0.589743589744 -0.0923076923077 0.138582892251
0.589743589744 -0.0307692307692 0.145064894923
0.589743589744 0.0307692307692 0.171010836978
0.589743589744 0.0923076923077 0.192186698641
0.589743589744 0.153846153846 0.248082243611
0.589743589744 0.215384615385 0.2693089375
0.589743589744 0.276923076923 0.21959583759
0.589743589744 0.338461538462 0.284043590362
0.589743589744 0.4 0.250279101252
0.589743589744 0.461538461538 0.328611546547
0.589743589744 0.523076923077 0.324464317662
0.589743589744 0.584615384615 0.40774816658
0.589743589744 0.646153846154 0.410131498843
0.589743589744 0.707692307692 0.458311312213
0.589743589744 0.769230769231 0.875534570274
0.589743589744 0.830769230769 0.985814324177
0.589743589744 0.892307692308 0.986176808226
0.589743589744 0.953846153846 0.986856017516
0.589743589744 1.01538461538 0.987759407708
0.589743589744 1.07692307692 0.988777453336
0.589743589744 1.13846153846 0.989833063123
0.589743589744 1.2 0.990876090784
0.615384615385 -1.2 0.998036208785
0.615384615385 -1.13846153846 0.998036051335
0.615384615385 -1.07692307692 0.999258139767
0.615384615385 -1.01538461538 0.999977515178
0.615384615385 -0.953846153846 0.999977510615
0.615384615385 -0.892307692308 0.998095104052
0.615384615385 -0.830769230769 0.999999850474
0.615384615385 -0.769230769231 0.999999897803
0.615384615385 -0.707692307692 0.498062422172
0.615384615385 -0.646153846154 0.0166675655118
0.615384615385 -0.584615384615 0.0100100964957
0.615384615385 -0.523076923077 0.00845294470613
0.615384615385 -0.461538461538 0.100014023981
0.615384615385 -0.4 0.0617183693926
0.615384615385 -0.338461538462 0.0538295330405
0.615384615385 -0.276923076923 0.130285731325
0.615384615385 -0.215384615385 0.162679982723
0.615384615385 -0.153846153846 0.155706982312
0.615384615385 -0.0923076923077 0.154494654096
0.615384615385 -0.0307692307692 0.127332705381
0.615384615385 0.0307692307692 0.182833207152
0.615384615385 0.0923076923077 0.210864088786
0.615384615385 0.153846153846 0.235214857379
0.615384615385 0.215384615385 0.273940153067
0.615384615385 0.276923076923 0.254760745447
0.615384615385 0.338461538462 0.289173178104
0.615384615385 0.4 0.327881052382
0.615384615385 0.461538461538 0.346906463826
0.615384615385 0.523076923077 0.404271018495
0.615384615385 0.584615384615 0.454230206829
0.615384615385 0.646153846154 0.507439669867
0.615384615385 0.707692307692 0.632789151802
0.615384615385 0.769230769231 0.984465391767
0.615384615385 0.830769230769 0.985924030107
0.615384615385 0.892307692308 0.986354589278
0.615384615385 0.953846153846 0.987100042093
0.615384615385 1.01538461538 0.988029125582
0.615384615385 1.07692307692 0.989044916242
0.615384615385 1.13846153846 0.990080794024
0.615384615385 1.2 0.991094094338
0.641025641026 -1.2 0.00348565074983
0.641025641026 -1.13846153846 0.013047133426
0.641025641026 -1.07692307692 0.0145840249038
0.641025641026 -1.01538461538 0.999947600546
0.641025641026 -0.953846153846 0.999943798415
0.641025641026 -0.892307692308 0.999999840703
0.641025641026 -0.830769230769 0.999999835665
0.641025641026 -0.769230769231 0.999999920906
0.641025641026 -0.707692307692 0.00616805688206
0.641025641026 -0.646153846154 0.0166677527499
0.641025641026 -0.584615384615 0.0100102159307
0.641025641026 -0.523076923077 0.00844513914614
0.641025641026 -0.461538461538 0.103049128595
0.641025641026 -0.4 0.0549336707935
0.641025641026 -0.338461538462 0.0557164832732
0.641025641026 -0.276923076923 0.135194489879
0.641025641026 -0.215384615385 0.167329761899
0.641025641026 -0.153846153846 0.161568970605
0.641025641026 -0.0923076923077 0.164285512505
0.641025641026 -0.0307692307692 0.183904921125
0.641025641026 0.0307692307692 0.199409522571
0.641025641026 0.0923076923077 0.23504656867
0.641025641026 0.153846153846 0.254370365869
0.641025641026 0.215384615385 0.257095323238
0.641025641026 0.276923076923 0.27433254647
0.641025641026 0.338461538462 0.298596793842
0.641025641026 0.4 0.340352106236
0.641025641026 0.461538461538 0.347799390296
0.641025641026 0.523076923077 0.424008048817
0.641025641026 0.584615384615 0.455087307059
0.641025641026 0.646153846154 0.647785347724
0.641025641026 0.707692307692 0.586297245654
0.641025641026 0.769230769231 0.985751989121
0.641025641026 0.830769230769 0.98602227688
0.641025641026 0.892307692308 0.986544205535
0.641025641026 0.953846153846 0.987341477181
0.641025641026 1.01538461538 0.988286838352
0.641025641026 1.07692307692 0.989295882966
0.641025641026 1.13846153846 0.990310446016
0.641025641026 1.2 0.991294439922
0.666666666667 -1.2 0.00738966868594
0.666666666667 -1.13846153846 0.999905819314
0.666666666667 -1.07692307692 0.9999058192
0.666666666667 -1.01538461538 0.999905832319
0.666666666667 -0.953846153846 0.999046895526
0.666666666667 -0.892307692308 0.999046793483
0.666666666667 -0.830769230769 0.998079713851
0.666666666667 -0.769230769231 0.998080403035
0.666666666667 -0.707692307692 0.50290786003
0.666666666667 -0.646153846154 0.0166678158365
0.666666666667 -0.584615384615 0.0100100405715
0.666666666667 -0.523076923077 0.00843779082424
0.666666666667 -0.461538461538 0.105332742985
0.666666666667 -0.4 0.0586150988512
0.666666666667 -0.338461538462 0.0397848656544
0.666666666667 -0.276923076923 0.140039232161
0.666666666667 -0.215384615385 0.170133753852
0.666666666667 -0.153846153846 0.167621602173
0.666666666667 -0.0923076923077 0.183038471244
0.666666666667 -0.0307692307692 0.137607115365
0.666666666667 0.0307692307692 0.204353650658
0.666666666667 0.0923076923077 0.225459171491
0.666666666667 0.153846153846 0.284743106345
0.666666666667 0.215384615385 0.280563134689
0.666666666667 0.276923076923 0.281819454279
0.666666666667 0.338461538462 0.309227472916
0.666666666667 0.4 0.345450303272
0.666666666667 0.461538461538 0.361302582647
0.666666666667 0.523076923077 0.415443044534
0.666666666667 0.584615384615 0.495867749996
0.666666666667 0.646153846154 0.708534228787
0.666666666667 0.707692307692 0.810285873317
0.666666666667 0.769230769231 0.985895793274
0.666666666667 0.830769230769 0.986137821748
0.666666666667 0.892307692308 0.986741990615
0.666666666667 0.953846153846 0.987577222835
0.666666666667 1.01538461538 0.988531844711
0.666666666667 1.07692307692 0.989530055925
0.666666666667 1.13846153846 0.990522933781
0.666666666667 1.2 0.991478724728
0.692307692308 -1.2 0.00574266888194
0.692307692308 -1.13846153846 0.999999570603
0.692307692308 -1.07692307692 0.999999569698
0.692307692308 -1.01538461538 0.997988699815
0.692307692308 -0.953846153846 0.824284366412
0.692307692308 -0.892307692308 0.998091295566
0.692307692308 -0.830769230769 0.996167621631
0.692307692308 -0.769230769231 0.998072087984
0.692307692308 -0.707692307692 0.00616681611296
0.692307692308 -0.646153846154 0.016667424933
0.692307692308 -0.584615384615 0.010010260717
0.692307692308 -0.523076923077 0.00843074898994
0.692307692308 -0.461538461538 0.113559071042
0.692307692308 -0.4 0.0617969719698
0.692307692308 -0.338461538462 0.0573089485417
0.692307692308 -0.276923076923 0.144833485562
0.692307692308 -0.215384615385 0.177878554252
0.692307692308 -0.153846153846 0.173846316945
0.692307692308 -0.0923076923077 0.19304701932
0.692307692308 -0.0307692307692 0.176733635912
0.692307692308 0.0307692307692 0.21212342585
0.692307692308 0.0923076923077 0.209696306476
0.692307692308 0.153846153846 0.279054768099
0.692307692308 0.215384615385 0.311073348046
0.692307692308 0.276923076923 0.266284840266
0.692307692308 0.338461538462 0.295070771787
0.692307692308 0.4 0.350610462571
0.692307692308 0.461538461538 0.426714585429
0.692307692308 0.523076923077 0.446719190995
0.692307692308 0.584615384615 0.505402173667
0.692307692308 0.646153846154 0.67610635673
0.692307692308 0.707692307692 0.984843590508
0.692307692308 0.769230769231 0.985941040551
0.692307692308 0.830769230769 0.986271942857
0.692307692308 0.892307692308 0.986943309238
0.692307692308 0.953846153846 0.987807147742
0.692307692308 1.01538461538 0.988764755008
0.692307692308 1.07692307692 0.989749840251
0.692307692308 1.13846153846 0.990720485492
0.692307692308 1.2 0.991648356598
0.717948717949 -1.2 0.00326519725705
0.717948717949 -1.13846153846 0.00975517027104
0.717948717949 -1.07692307692 0.0081200913448
0.717948717949 -1.01538461538 0.0184272223809
0.717948717949 -0.953846153846 0.015604688079
0.717948717949 -0.892307692308 0.0226854932231
0.717948717949 -0.830769230769 0.0152183463608
0.717948717949 -0.769230769231 0.99999893148
0.717948717949 -0.707692307692 0.00616735052028
0.717948717949 -0.646153846154 0.0166674614126
0.717948717949 -0.584615384615 0.0100103078595
0.717948717949 -0.523076923077 0.00842403598746
0.717948717949 -0.461538461538 0.110201030652
0.717948717949 -0.4 0.0665740907164
0.717948717949 -0.338461538462 0.0693792555382
0.717948717949 -0.276923076923 0.14958908932
0.717948717949 -0.215384615385 0.182146215042
0.717948717949 -0.153846153846 0.18023368566
0.717948717949 -0.0923076923077 0.194556310298
0.717948717949 -0.0307692307692 0.187800683685
0.717948717949 0.0307692307692 0.222169561698
0.717948717949 0.0923076923077 0.240305294593
0.717948717949 0.153846153846 0.30054269068
0.717948717949 0.215384615385 0.292068697429
0.717948717949 0.276923076923 0.304872176899
0.717948717949 0.338461538462 0.354333234118
0.717948717949 0.4 0.379983888139
0.717948717949 0.461538461538 0.419641079082
0.717948717949 0.523076923077 0.488020507403
0.717948717949 0.584615384615 0.507647797138
0.717948717949 0.646153846154 0.6992728825
0.717948717949 0.707692307692 0.985873731276
0.717948717949 0.769230769231 0.985992127542
0.717948717949 0.830769230769 0.986420596141
0.717948717949 0.892307692308 0.98714522786
0.717948717949 0.953846153846 0.988029055109
0.717948717949 1.01538461538 0.988985272947
0.717948717949 1.07692307692 0.989955949651
0.717948717949 1.13846153846 0.990903986857
0.717948717949 1.2 0.991805082532
0.74358974359 -1.2 0.999999969985
0.74358974359 -1.13846153846 0.99999996986
0.74358974359 -1.07692307692 0.999109514007
0.74358974359 -1.01538461538 0.999108879598
0.74358974359 -0.953846153846 0.998093632175
0.74358974359 -0.892307692308 0.99809360341
0.74358974359 -0.830769230769 0.99904321969
0.74358974359 -0.769230769231 0.99808957878
0.74358974359 -0.707692307692 0.999786718611
0.74358974359 -0.646153846154 0.0166670932981
0.74358974359 -0.584615384615 0.010010419182
0.74358974359 -0.523076923077 0.0084176132545
0.74358974359 -0.461538461538 0.109222212563
0.74358974359 -0.4 0.0716898965916
0.74358974359 -0.338461538462 0.0792099276777
0.74358974359 -0.276923076923 0.154316966875
0.74358974359 -0.215384615385 0.159132853
0.74358974359 -0.153846153846 0.186780516791
0.74358974359 -0.0923076923077 0.193393648592
0.74358974359 -0.0307692307692 0.200786027599
0.74358974359 0.0307692307692 0.231661685901
0.74358974359 0.0923076923077 0.268788185809
0.74358974359 0.153846153846 0.306929044095
0.74358974359 0.215384615385 0.299622977199
0.74358974359 0.276923076923 0.304157502791
0.74358974359 0.338461538462 0.343373169229
0.74358974359 0.4 0.414472031978
0.74358974359 0.461538461538 0.464347406476
0.74358974359 0.523076923077 0.488563842694
0.74358974359 0.584615384615 0.63402707613
0.74358974359 0.646153846154 0.695014284558
0.74358974359 0.707692307692 0.985956906949
0.74358974359 0.769230769231 0.986064820114
0.74358974359 0.830769230769 0.986578644064
0.74358974359 0.892307692308 0.987345350929
0.74358974359 0.953846153846 0.988242921965
0.74358974359 1.01538461538 0.989193795204
0.74358974359 1.07692307692 0.990148765142
0.74358974359 1.13846153846 0.9910744784
0.74358974359 1.2 0.991950230422
0.769230769231 -1.2 0.0045522700238
0.769230769231 -1.13846153846 0.999733581353
0.769230769231 -1.07692307692 0.982470929891
0.769230769231 -1.01538461538 0.982457640029
0.769230769231 -0.953846153846 0.982596789468
0.769230769231 -0.892307692308 0.999045689239
0.769230769231 -0.830769230769 0.998093259247
0.769230769231 -0.769230769231 0.255180626119
0.769230769231 -0.707692307692 0.0061668448791
0.769230769231 -0.646153846154 0.0166674394464
0.769230769231 -0.584615384615 0.0100103038818
0.769230769231 -0.523076923077 0.00841150721081
0.769230769231 -0.461538461538 0.118454182072
0.769230769231 -0.4 0.077028585723
0.769230769231 -0.338461538462 0.0877309414492
0.769230769231 -0.276923076923 0.159027198778
0.769230769231 -0.215384615385 0.165760506807
0.769230769231 -0.153846153846 0.193488497517
0.769230769231 -0.0923076923077 0.184149484092
0.769230769231 -0.0307692307692 0.213188600634
0.769230769231 0.0307692307692 0.242512899674
0.769230769231 0.0923076923077 0.301645056049
0.769230769231 0.153846153846 0.310961417267
0.769230769231 0.215384615385 0.315187414415
0.769230769231 0.276923076923 0.350600187395
0.769230769231 0.338461538462 0.408892689374
0.769230769231 0.4 0.397345192582
0.769230769231 0.461538461538 0.495603659285
0.769230769231 0.523076923077 0.540280363901
0.769230769231 0.584615384615 0.635573925638
0.769230769231 0.646153846154 0.983578770124
0.769230769231 0.707692307692 0.985953870397
0.769230769231 0.769230769231 0.986158049109
0.769230769231 0.830769230769 0.986743277598
0.769230769231 0.892307692308 0.987541762636
0.769230769231 0.953846153846 0.988447617465
0.769230769231 1.01538461538 0.989391226865
0.769230769231 1.07692307692 0.990329755855
0.769230769231 1.13846153846 0.991233553655
0.769230769231 1.2 0.992084396897
0.794871794872 -1.2 0.00824456201973
0.794871794872 -1.13846153846 0.00501809515388
0.794871794872 -1.07692307692 0.00754748289551
0.794871794872 -1.01538461538 0.999990303201
0.794871794872 -0.953846153846 0.999989885643
0.794871794872 -0.892307692308 0.998083537368
0.794871794872 -0.830769230769 0.998088021859
0.794871794872 -0.769230769231 0.998077606032
0.794871794872 -0.707692307692 0.0061682606891
0.794871794872 -0.646153846154 0.0166672545598
0.794871794872 -0.584615384615 0.0100099768308
0.794871794872 -0.523076923077 0.00840574782203
0.794871794872 -0.461538461538 0.126676765661
0.794871794872 -0.4 0.0826044629048
0.794871794872 -0.338461538462 0.0953743545995
0.794871794872 -0.276923076923 0.163729135434
0.794871794872 -0.215384615385 0.171926341973
0.794871794872 -0.153846153846 0.200361733096
0.794871794872 -0.0923076923077 0.181813359065
0.794871794872 -0.0307692307692 0.22541520973
0.794871794872 0.0307692307692 0.270018208791
0.794871794872 0.0923076923077 0.316088373137
0.794871794872 0.153846153846 0.295488916423
0.794871794872 0.215384615385 0.342474607762
0.794871794872 0.276923076923 0.363909830846
0.794871794872 0.338461538462 0.4088310031
0.794871794872 0.4 0.410378537966
0.794871794872 0.461538461538 0.509257299558
0.794871794872 0.523076923077 0.56526345784
0.794871794872 0.584615384615 0.750428591648
0.794871794872 0.646153846154 0.985931007057
0.794871794872 0.707692307692 0.985959877504
0.794871794872 0.769230769231 0.986267605091
0.794871794872 0.830769230769 0.98691103465
0.794871794872 0.892307692308 0.987733982765
0.794871794872 0.953846153846 0.988643714887
0.794871794872 1.01538461538 0.9895779667
0.794871794872 1.07692307692 0.990498980258
0.794871794872 1.13846153846 0.991381240426
0.794871794872 1.2 0.992209126589
0.820512820513 -1.2 0.00609349210858
0.820512820513 -1.13846153846 0.994905149955
0.820512820513 -1.07692307692 0.994903889187
0.820512820513 -1.01538461538 0.994868643783
0.820512820513 -0.953846153846 0.993931723212
0.820512820513 -0.892307692308 0.999999467042
0.820512820513 -0.830769230769 0.999999455852
0.820512820513 -0.769230769231 0.996165415344
0.820512820513 -0.707692307692 0.0357335758447
0.820512820513 -0.646153846154 0.0166673821695
0.820512820513 -0.584615384615 0.0100102660922
0.820512820513 -0.523076923077 0.00840006759491
0.820512820513 -0.461538461538 0.12579172366
0.820512820513 -0.4 0.0884757466614
0.820512820513 -0.338461538462 0.102382944782
0.820512820513 -0.276923076923 0.168431256026
0.820512820513 -0.215384615385 0.1778039749
0.820512820513 -0.153846153846 0.207406950199
0.820512820513 -0.0923076923077 0.170013992314
0.820512820513 -0.0307692307692 0.237387628408
0.820512820513 0.0307692307692 0.270191817194
0.820512820513 0.0923076923077 0.301252048161
0.820512820513 0.153846153846 0.317974856029
0.820512820513 0.215384615385 0.341470665807
0.820512820513 0.276923076923 0.390509063622
0.820512820513 0.338461538462 0.414890310548
0.820512820513 0.4 0.481704670474
0.820512820513 0.461538461538 0.52810113426
0.820512820513 0.523076923077 0.6024939204
0.820512820513 0.584615384615 0.718742154054
0.820512820513 0.646153846154 0.986042552216
0.820512820513 0.707692307692 0.985988757481
0.820512820513 0.769230769231 0.986389330942
0.820512820513 0.830769230769 0.987079378272
0.820512820513 0.892307692308 0.987920947217
0.820512820513 0.953846153846 0.988830590151
0.820512820513 1.01538461538 0.989754411041
0.820512820513 1.07692307692 0.990658265739
0.820512820513 1.13846153846 0.991519393059
0.820512820513 1.2 0.992324998726
0.846153846154 -1.2 0.00344711169504
0.846153846154 -1.13846153846 0.0132842397348
0.846153846154 -1.07692307692 0.00994821197489
0.846153846154 -1.01538461538 0.018787832834
0.846153846154 -0.953846153846 0.99618202204
0.846153846154 -0.892307692308 0.996251897162
0.846153846154 -0.830769230769 0.998087737401
0.846153846154 -0.769230769231 0.9990497761
0.846153846154 -0.707692307692 0.999983103788
0.846153846154 -0.646153846154 0.0166673372583
0.846153846154 -0.584615384615 0.0100099086925
0.846153846154 -0.523076923077 0.00839493150637
0.846153846154 -0.461538461538 0.11488850148
0.846153846154 -0.4 0.0947694803365
0.846153846154 -0.338461538462 0.108910365529
0.846153846154 -0.276923076923 0.173141936746
0.846153846154 -0.215384615385 0.183660014834
0.846153846154 -0.153846153846 0.21463363897
0.846153846154 -0.0923076923077 0.160883309683
0.846153846154 -0.0307692307692 0.249084531523
0.846153846154 0.0307692307692 0.286409158306
0.846153846154 0.0923076923077 0.312304285781
0.846153846154 0.153846153846 0.349929688777
0.846153846154 0.215384615385 0.350340751507
0.846153846154 0.276923076923 0.408829631255
0.846153846154 0.338461538462 0.424801681095
0.846153846154 0.4 0.504673667409
0.846153846154 0.461538461538 0.566357191748
0.846153846154 0.523076923077 0.622141248348
0.846153846154 0.584615384615 0.900318801715
0.846153846154 0.646153846154 0.986004283063
0.846153846154 0.707692307692 0.986040237764
0.846153846154 0.769230769231 0.986519468124
0.846153846154 0.830769230769 0.987247032688
0.846153846154 0.892307692308 0.988101790743
0.846153846154 0.953846153846 0.98900934418
0.846153846154 1.01538461538 0.989921466268
0.846153846154 1.07692307692 0.990807500303
0.846153846154 1.13846153846 0.991648535043
0.846153846154 1.2 0.992432745502
0.871794871795 -1.2 0.999982520205
0.871794871795 -1.13846153846 0.999982519054
0.871794871795 -1.07692307692 0.970733763353
0.871794871795 -1.01538461538 0.970642359143
0.871794871795 -0.953846153846 0.999998611136
0.871794871795 -0.892307692308 0.99999868025
0.871794871795 -0.830769230769 0.998084276768
0.871794871795 -0.769230769231 0.998084612983
0.871794871795 -0.707692307692 0.999999966725
0.871794871795 -0.646153846154 0.0166673414447
0.871794871795 -0.584615384615 0.0100102842887
0.871794871795 -0.523076923077 0.00838979772749
0.871794871795 -0.461538461538 0.114227765968
0.871794871795 -0.4 0.101702416204
0.871794871795 -0.338461538462 0.115061127085
0.871794871795 -0.276923076923 0.177869691027
0.871794871795 -0.215384615385 0.189588211469
0.871794871795 -0.153846153846 0.222055228437
0.871794871795 -0.0923076923077 0.176968592885
0.871794871795 -0.0307692307692 0.260542282092
0.871794871795 0.0307692307692 0.283607893628
0.871794871795 0.0923076923077 0.317932887612
0.871794871795 0.153846153846 0.337098442767
0.871794871795 0.215384615385 0.363505816099
0.871794871795 0.276923076923 0.41360465167
0.871794871795 0.338461538462 0.48408646947
0.871794871795 0.4 0.487165265295
0.871794871795 0.461538461538 0.5725151652
0.871794871795 0.523076923077 0.656932944439
0.871794871795 0.584615384615 0.985630705947
0.871794871795 0.646153846154 0.985962604862
0.871794871795 0.707692307692 0.98611064412
0.871794871795 0.769230769231 0.986655251055
0.871794871795 0.830769230769 0.987412756957
0.871794871795 0.892307692308 0.988276521631
0.871794871795 0.953846153846 0.98917953107
0.871794871795 1.01538461538 0.990079308135
0.871794871795 1.07692307692 0.990948091111
0.871794871795 1.13846153846 0.991769452905
0.871794871795 1.2 0.992533303658
0.897435897436 -1.2 0.998771278949
0.897435897436 -1.13846153846 0.99877041745
0.897435897436 -1.07692307692 0.998748362706
0.897435897436 -1.01538461538 0.998289143122
0.897435897436 -0.953846153846 0.999999975651
0.897435897436 -0.892307692308 0.996135400642
0.897435897436 -0.830769230769 0.996162695956
0.897435897436 -0.769230769231 0.998093984053
0.897435897436 -0.707692307692 0.658710032686
0.897435897436 -0.646153846154 0.0166671615474
0.897435897436 -0.584615384615 0.0100099785541
0.897435897436 -0.523076923077 0.00838486213786
0.897435897436 -0.461538461538 0.115977133111
0.897435897436 -0.4 0.109578485343
0.897435897436 -0.338461538462 0.120911702373
0.897435897436 -0.276923076923 0.182622630072
0.897435897436 -0.215384615385 0.195624066933
0.897435897436 -0.153846153846 0.229693056651
0.897435897436 -0.0923076923077 0.207064697576
0.897435897436 -0.0307692307692 0.271799017384
0.897435897436 0.0307692307692 0.302668122977
0.897435897436 0.0923076923077 0.326331817116
0.897435897436 0.153846153846 0.34623452104
0.897435897436 0.215384615385 0.385862812418
0.897435897436 0.276923076923 0.454440907087
0.897435897436 0.338461538462 0.505937575967
0.897435897436 0.4 0.555801916938
0.897435897436 0.461538461538 0.62727770123
0.897435897436 0.523076923077 0.735837873161
0.897435897436 0.584615384615 0.98615838214
0.897435897436 0.646153846154 0.985943931643
0.897435897436 0.707692307692 0.986195592644
0.897435897436 0.769230769231 0.986794490011
0.897435897436 0.830769230769 0.987575652915
0.897435897436 0.892307692308 0.988445129084
0.897435897436 0.953846153846 0.989342020234
0.897435897436 1.01538461538 0.990228252511
0.897435897436 1.07692307692 0.991080392837
0.897435897436 1.13846153846 0.99188256515
0.897435897436 1.2 0.992626984431
0.923076923077 -1.2 0.996824281834
0.923076923077 -1.13846153846 0.996823795428
0.923076923077 -1.07692307692 0.996821448102
0.923076923077 -1.01538461538 0.999799793738
0.923076923077 -0.953846153846 0.996174615026
0.923076923077 -0.892307692308 0.996174407797
0.923076923077 -0.830769230769 0.998078137311
0.923076923077 -0.769230769231 0.998082346066
0.923076923077 -0.707692307692 0.00616716961779
0.923076923077 -0.646153846154 0.0166677465175
0.923076923077 -0.584615384615 0.0100101535171
0.923076923077 -0.523076923077 0.00838044949746
0.923076923077 -0.461538461538 0.116787903187
0.923076923077 -0.4 0.121180006865
0.923076923077 -0.338461538462 0.126518056767
0.923076923077 -0.276923076923 0.187408303033
0.923076923077 -0.215384615385 0.201788048038
0.923076923077 -0.153846153846 0.23757392181
0.923076923077 -0.0923076923077 0.245026657307
0.923076923077 -0.0307692307692 0.282857105305
0.923076923077 0.0307692307692 0.330747476671
0.923076923077 0.0923076923077 0.370224212072
0.923076923077 0.153846153846 0.361900328174
0.923076923077 0.215384615385 0.399170455402
0.923076923077 0.276923076923 0.439978048082
0.923076923077 0.338461538462 0.502258936286
0.923076923077 0.4 0.598497998966
0.923076923077 0.461538461538 0.662919269915
0.923076923077 0.523076923077 0.827388839675
0.923076923077 0.584615384615 0.986130884562
0.923076923077 0.646153846154 0.985949913035
0.923076923077 0.707692307692 0.98629152505
0.923076923077 0.769230769231 0.986935191886
0.923076923077 0.830769230769 0.987735198797
0.923076923077 0.892307692308 0.988607163189
0.923076923077 0.953846153846 0.98949655445
0.923076923077 1.01538461538 0.990369736011
0.923076923077 1.07692307692 0.991204788036
0.923076923077 1.13846153846 0.991988522041
0.923076923077 1.2 0.992714643216
0.948717948718 -1.2 0.0036583967571
0.948717948718 -1.13846153846 0.999714230424
0.948717948718 -1.07692307692 0.991684728031
0.948717948718 -1.01538461538 0.991340907422
0.948717948718 -0.953846153846 0.993703312251
0.948717948718 -0.892307692308 0.993272931519
0.948717948718 -0.830769230769 0.9951795461
0.948717948718 -0.769230769231 0.993151926595
0.948717948718 -0.707692307692 0.00616839540085
0.948717948718 -0.646153846154 0.0166675250577
0.948717948718 -0.584615384615 0.0100102723331
0.948717948718 -0.523076923077 0.00837582523535
0.948717948718 -0.461538461538 0.122099347742
0.948717948718 -0.4 0.124991351487
0.948717948718 -0.338461538462 0.13192534424
0.948717948718 -0.276923076923 0.192232362476
0.948717948718 -0.215384615385 0.208094443435
0.948717948718 -0.153846153846 0.245725100074
0.948717948718 -0.0923076923077 0.222831135279
0.948717948718 -0.0307692307692 0.293661699922
0.948717948718 0.0307692307692 0.339145857726
0.948717948718 0.0923076923077 0.337340478842
0.948717948718 0.153846153846 0.381459188614
0.948717948718 0.215384615385 0.416360311694
0.948717948718 0.276923076923 0.459305741791
0.948717948718 0.338461538462 0.530286837229
0.948717948718 0.4 0.596737343487
0.948717948718 0.461538461538 0.69977578517
0.948717948718 0.523076923077 0.911177215022
0.948717948718 0.584615384615 0.986046364811
0.948717948718 0.646153846154 0.985977558226
0.948717948718 0.707692307692 0.98639589834
0.948717948718 0.769230769231 0.987076391779
0.948717948718 0.830769230769 0.987890729859
0.948717948718 0.892307692308 0.988762777693
0.948717948718 0.953846153846 0.989643923171
0.948717948718 1.01538461538 0.990503277111
0.948717948718 1.07692307692 0.991322181345
0.948717948718 1.13846153846 0.992088375438
0.948717948718 1.2 0.99279661775
0.974358974359 -1.2 0.998306314481
0.974358974359 -1.13846153846 0.998305047848
0.974358974359 -1.07692307692 0.998303027919
0.974358974359 -1.01538461538 0.994453450209
0.974358974359 -0.953846153846 0.994442815956
0.974358974359 -0.892307692308 0.996167544304
0.974358974359 -0.830769230769 0.996168212955
0.974358974359 -0.769230769231 0.953634476921
0.974358974359 -0.707692307692 0.976839585037
0.974358974359 -0.646153846154 0.0166672715509
0.974358974359 -0.584615384615 0.0100101956577
0.974358974359 -0.523076923077 0.0083714190522
0.974358974359 -0.461538461538 0.123773347179
0.974358974359 -0.4 0.136332045632
0.974358974359 -0.338461538462 0.137167993261
0.974358974359 -0.276923076923 0.197103580796
0.974358974359 -0.215384615385 0.214555357385
0.974358974359 -0.153846153846 0.254510948412
0.974358974359 -0.0923076923077 0.23618331825
0.974358974359 -0.0307692307692 0.304064042371
0.974358974359 0.0307692307692 0.329701315162
0.974358974359 0.0923076923077 0.352214454498
0.974358974359 0.153846153846 0.382498298765
0.974358974359 0.215384615385 0.442292001374
0.974358974359 0.276923076923 0.460640948006
0.974358974359 0.338461538462 0.530894465691
0.974358974359 0.4 0.636662515812
0.974358974359 0.461538461538 0.752464592093
0.974358974359 0.523076923077 0.985917276672
0.974358974359 0.584615384615 0.985974173021
0.974358974359 0.646153846154 0.986023149002
0.974358974359 0.707692307692 0.986506001105
0.974358974359 0.769230769231 0.98721671916
0.974358974359 0.830769230769 0.988041910556
0.974358974359 0.892307692308 0.988912453657
0.974358974359 0.953846153846 0.989784431177
0.974358974359 1.01538461538 0.990630100021
0.974358974359 1.07692307692 0.991432758308
0.974358974359 1.13846153846 0.992182018443
0.974358974359 1.2 0.992873380593
1.0 -1.2 0.0107529458509
1.0 -1.13846153846 0.00784322635382
1.0 -1.07692307692 0.999700409679
1.0 -1.01538461538 0.99998234247
1.0 -0.953846153846 0.999999986279
1.0 -0.892307692308 0.999045495315
1.0 -0.830769230769 0.99809302524
1.0 -0.769230769231 0.999998801275
1.0 -0.707692307692 0.054014615141
1.0 -0.646153846154 0.016667431807
1.0 -0.584615384615 0.0100099527901
1.0 -0.523076923077 0.00836736819715
1.0 -0.461538461538 0.131012891585
1.0 -0.4 0.144042205016
1.0 -0.338461538462 0.14227538845
1.0 -0.276923076923 0.202025699783
1.0 -0.215384615385 0.221182099347
1.0 -0.153846153846 0.263312459239
1.0 -0.0923076923077 0.248517472277
1.0 -0.0307692307692 0.313712767134
1.0 0.0307692307692 0.365312600616
1.0 0.0923076923077 0.366291108325
1.0 0.153846153846 0.387216612657
1.0 0.215384615385 0.451478877242
1.0 0.276923076923 0.493860621701
1.0 0.338461538462 0.527605787473
1.0 0.4 0.642572060105
1.0 0.461538461538 0.730925746212
1.0 0.523076923077 0.986326307954
1.0 0.584615384615 0.985927021615
1.0 0.646153846154 0.986082463847
1.0 0.707692307692 0.986620068144
1.0 0.769230769231 0.98735582082
1.0 0.830769230769 0.988188840247
1.0 0.892307692308 0.989056174984
1.0 0.953846153846 0.989918163165
1.0 1.01538461538 0.990750150647
1.0 1.07692307692 0.991537286116
1.0 1.13846153846 0.992270240429
1.0 1.2 0.992945448111
