0.0 0.05 0.02685488233
0.0 0.0657894736842 0.0153978146251
0.0 0.0815789473684 0.0992943533962
0.0 0.0973684210526 0.0107600691144
0.0 0.113157894737 0.0243526087782
0.0 0.128947368421 0.0529637446484
0.0 0.144736842105 0.0760687222048
0.0 0.160526315789 0.115929841772
0.0 0.176315789474 0.202195629149
0.0 0.192105263158 0.609389938317
0.0 0.207894736842 0.613100736595
0.0 0.223684210526 0.20414832
0.0 0.239473684211 0.121088360782
0.0 0.255263157895 0.0849676750039
0.0 0.271052631579 0.0662043967529
0.0 0.286842105263 0.0532788933512
0.0 0.302631578947 0.0446565089513
0.0 0.318421052632 0.0383801972861
0.0 0.334210526316 0.0331594417596
0.0 0.35 0.0293378379539
0.0526315789474 0.05 0.031427793002
0.0526315789474 0.0657894736842 0.0305123973566
0.0526315789474 0.0815789473684 0.107639615378
0.0526315789474 0.0973684210526 0.0981417544643
0.0526315789474 0.113157894737 0.110563108445
0.0526315789474 0.128947368421 0.136717593455
0.0526315789474 0.144736842105 0.227750277386
0.0526315789474 0.160526315789 0.297292773649
0.0526315789474 0.176315789474 0.327577646871
0.0526315789474 0.192105263158 0.998620365726
0.0526315789474 0.207894736842 0.992290195384
0.0526315789474 0.223684210526 0.356745150192
0.0526315789474 0.239473684211 0.198713142049
0.0526315789474 0.255263157895 0.101195245589
0.0526315789474 0.271052631579 0.113179429103
0.0526315789474 0.286842105263 0.0986070156067
0.0526315789474 0.302631578947 0.0401047587083
0.0526315789474 0.318421052632 0.0300204431997
0.0526315789474 0.334210526316 0.052482689584
0.0526315789474 0.35 0.0290074998866
0.105263157895 0.05 0.031000747867
0.105263157895 0.0657894736842 0.0738141153675
0.105263157895 0.0815789473684 0.123150829806
0.105263157895 0.0973684210526 0.119846202883
0.105263157895 0.113157894737 0.134263016078
0.105263157895 0.128947368421 0.152911854513
0.105263157895 0.144736842105 0.265144904451
0.105263157895 0.160526315789 0.321391204881
0.105263157895 0.176315789474 0.988832950832
0.105263157895 0.192105263158 0.99991544829
0.105263157895 0.207894736842 0.995143464788
0.105263157895 0.223684210526 0.989797815154
0.105263157895 0.239473684211 0.984674017971
0.105263157895 0.255263157895 0.235097850814
0.105263157895 0.271052631579 0.187628865216
0.105263157895 0.286842105263 0.128251072079
0.105263157895 0.302631578947 0.106313481317
0.105263157895 0.318421052632 0.0902669507415
0.105263157895 0.334210526316 0.0446189113001
0.105263157895 0.35 0.0123941489217
0.157894736842 0.05 0.0360898714583
0.157894736842 0.0657894736842 0.0904692539573
0.157894736842 0.0815789473684 0.14661189578
0.157894736842 0.0973684210526 0.177928150934
0.157894736842 0.113157894737 0.203092627111
0.157894736842 0.128947368421 0.295807418222
0.157894736842 0.144736842105 0.318024675687
0.157894736842 0.160526315789 0.661609138565
0.157894736842 0.176315789474 0.996594242283
0.157894736842 0.192105263158 0.999503807648
0.157894736842 0.207894736842 0.99596505524
0.157894736842 0.223684210526 0.992502024026
0.157894736842 0.239473684211 0.989530822602
0.157894736842 0.255263157895 0.986812612233
0.157894736842 0.271052631579 0.984098244222
0.157894736842 0.286842105263 0.156331894613
0.157894736842 0.302631578947 0.140127905641
0.157894736842 0.318421052632 0.0999271758167
0.157894736842 0.334210526316 0.0901195308228
0.157894736842 0.35 0.0783707869868
0.210526315789 0.05 0.0725034671788
0.210526315789 0.0657894736842 0.116239180849
0.210526315789 0.0815789473684 0.175047046867
0.210526315789 0.0973684210526 0.144001095378
0.210526315789 0.113157894737 0.282026790488
0.210526315789 0.128947368421 0.3596097797
0.210526315789 0.144736842105 0.355583148013
0.210526315789 0.160526315789 0.989943304015
0.210526315789 0.176315789474 0.998989802861
0.210526315789 0.192105263158 0.999166694812
0.210526315789 0.207894736842 0.996319643262
0.210526315789 0.223684210526 0.993711116041
0.210526315789 0.239473684211 0.99155880194
0.210526315789 0.255263157895 0.989717261968
0.210526315789 0.271052631579 0.988057051123
0.210526315789 0.286842105263 0.986390895397
0.210526315789 0.302631578947 0.149129154995
0.210526315789 0.318421052632 0.0841773820581
0.210526315789 0.334210526316 0.0881375309924
0.210526315789 0.35 0.0867583226734
0.263157894737 0.05 0.0719326474412
0.263157894737 0.0657894736842 0.139718407821
0.263157894737 0.0815789473684 0.208072205214
0.263157894737 0.0973684210526 0.220815205272
0.263157894737 0.113157894737 0.315673066774
0.263157894737 0.128947368421 0.438382362392
0.263157894737 0.144736842105 0.676040685392
0.263157894737 0.160526315789 0.994073962088
0.263157894737 0.176315789474 0.999714628815
0.263157894737 0.192105263158 0.998908427092
0.263157894737 0.207894736842 0.996494455864
0.263157894737 0.223684210526 0.99437049931
0.263157894737 0.239473684211 0.99265485376
0.263157894737 0.255263157895 0.99123046759
0.263157894737 0.271052631579 0.989992270472
0.263157894737 0.286842105263 0.333434009462
0.263157894737 0.302631578947 0.243115156932
0.263157894737 0.318421052632 0.152710698115
0.263157894737 0.334210526316 0.0929275370152
0.263157894737 0.35 0.0983734362018
0.315789473684 0.05 0.0913263012004
0.315789473684 0.0657894736842 0.162992611672
0.315789473684 0.0815789473684 0.241622027132
0.315789473684 0.0973684210526 0.305993698927
0.315789473684 0.113157894737 0.387352856252
0.315789473684 0.128947368421 0.577847827723
0.315789473684 0.144736842105 0.988456528932
0.315789473684 0.160526315789 0.996433116659
0.315789473684 0.176315789474 0.999895597926
0.315789473684 0.192105263158 0.998699871419
0.315789473684 0.207894736842 0.996580886715
0.315789473684 0.223684210526 0.994767338618
0.315789473684 0.239473684211 0.993322289513
0.315789473684 0.255263157895 0.992142533125
0.315789473684 0.271052631579 0.991134722519
0.315789473684 0.286842105263 0.42787153034
0.315789473684 0.302631578947 0.433431237444
0.315789473684 0.318421052632 0.2271123356
0.315789473684 0.334210526316 0.153328634432
0.315789473684 0.35 0.102371958559
0.368421052632 0.05 0.0606007749001
0.368421052632 0.0657894736842 0.187398904736
0.368421052632 0.0815789473684 0.290832715599
0.368421052632 0.0973684210526 0.379318123178
0.368421052632 0.113157894737 0.430935927808
0.368421052632 0.128947368421 0.728182238564
0.368421052632 0.144736842105 0.991459074189
0.368421052632 0.160526315789 0.997807285352
0.368421052632 0.176315789474 0.999878426893
0.368421052632 0.192105263158 0.998522578288
0.368421052632 0.207894736842 0.996616993293
0.368421052632 0.223684210526 0.995018436884
0.368421052632 0.239473684211 0.993756628519
0.368421052632 0.255263157895 0.992736813134
0.368421052632 0.271052631579 0.991873094425
0.368421052632 0.286842105263 0.461886356031
0.368421052632 0.302631578947 0.385009018318
0.368421052632 0.318421052632 0.258280407689
0.368421052632 0.334210526316 0.168931722887
0.368421052632 0.35 0.103093016454
0.421052631579 0.05 0.108018411352
0.421052631579 0.0657894736842 0.214480839026
0.421052631579 0.0815789473684 0.187225030965
0.421052631579 0.0973684210526 0.336036185273
0.421052631579 0.113157894737 0.531659749551
0.421052631579 0.128947368421 0.85696012015
0.421052631579 0.144736842105 0.993568694959
0.421052631579 0.160526315789 0.998618401864
0.421052631579 0.176315789474 0.999782814531
0.421052631579 0.192105263158 0.998365628696
0.421052631579 0.207894736842 0.996621384393
0.421052631579 0.223684210526 0.995180033426
0.421052631579 0.239473684211 0.994049898421
0.421052631579 0.255263157895 0.993141981279
0.421052631579 0.271052631579 0.99237582257
0.421052631579 0.286842105263 0.991690276209
0.421052631579 0.302631578947 0.470997230606
0.421052631579 0.318421052632 0.406380299436
0.421052631579 0.334210526316 0.381190345365
0.421052631579 0.35 0.171733684528
0.473684210526 0.05 0.138376479223
0.473684210526 0.0657894736842 0.246619732808
0.473684210526 0.0815789473684 0.273912709054
0.473684210526 0.0973684210526 0.411557220346
0.473684210526 0.113157894737 0.601387705753
0.473684210526 0.128947368421 0.988891861207
0.473684210526 0.144736842105 0.995085474678
0.473684210526 0.160526315789 0.99909828691
0.473684210526 0.176315789474 0.999655113122
0.473684210526 0.192105263158 0.998222382077
0.473684210526 0.207894736842 0.996604305404
0.473684210526 0.223684210526 0.995282544628
0.473684210526 0.239473684211 0.994251082307
0.473684210526 0.255263157895 0.993425293611
0.473684210526 0.271052631579 0.992728577313
0.473684210526 0.286842105263 0.992101991509
0.473684210526 0.302631578947 0.63701778373
0.473684210526 0.318421052632 0.368570131209
0.473684210526 0.334210526316 0.315353517198
0.473684210526 0.35 0.159426432455
0.526315789474 0.05 0.165420529255
0.526315789474 0.0657894736842 0.288252371641
0.526315789474 0.0815789473684 0.342488352014
0.526315789474 0.0973684210526 0.515446929728
0.526315789474 0.113157894737 0.588527213051
0.526315789474 0.128947368421 0.990734387188
0.526315789474 0.144736842105 0.996191518552
0.526315789474 0.160526315789 0.999376803572
0.526315789474 0.176315789474 0.999514804583
0.526315789474 0.192105263158 0.99808858913
0.526315789474 0.207894736842 0.996571794957
0.526315789474 0.223684210526 0.99534382805
0.526315789474 0.239473684211 0.994388698587
0.526315789474 0.255263157895 0.993625131473
0.526315789474 0.271052631579 0.992980074553
0.526315789474 0.286842105263 0.979052080707
0.526315789474 0.302631578947 0.491502758062
0.526315789474 0.318421052632 0.605123754036
0.526315789474 0.334210526316 0.621142474886
0.526315789474 0.35 0.361306115201
0.578947368421 0.05 0.192737979149
0.578947368421 0.0657894736842 0.342009697949
0.578947368421 0.0815789473684 0.440185100203
0.578947368421 0.0973684210526 0.570008131031
0.578947368421 0.113157894737 0.709253767907
0.578947368421 0.128947368421 0.992221738247
0.578947368421 0.144736842105 0.997006576557
0.578947368421 0.160526315789 0.999528873925
0.578947368421 0.176315789474 0.999370506902
0.578947368421 0.192105263158 0.997961486706
0.578947368421 0.207894736842 0.996527698935
0.578947368421 0.223684210526 0.995375098197
0.578947368421 0.239473684211 0.994480411078
0.578947368421 0.255263157895 0.993765188065
0.578947368421 0.271052631579 0.980763960495
0.578947368421 0.286842105263 0.604312926472
0.578947368421 0.302631578947 0.641876116935
0.578947368421 0.318421052632 0.659203639296
0.578947368421 0.334210526316 0.666490651489
0.578947368421 0.35 0.677450582034
0.631578947368 0.05 0.223072069277
0.631578947368 0.0657894736842 0.451329008626
0.631578947368 0.0815789473684 0.640345057655
0.631578947368 0.0973684210526 0.640776757587
0.631578947368 0.113157894737 0.988391929386
0.631578947368 0.128947368421 0.993419534559
0.631578947368 0.144736842105 0.997611495766
0.631578947368 0.160526315789 0.999599098345
0.631578947368 0.176315789474 0.99922608293
0.631578947368 0.192105263158 0.997839173108
0.631578947368 0.207894736842 0.996474596417
0.631578947368 0.223684210526 0.995383597773
0.631578947368 0.239473684211 0.994537778848
0.631578947368 0.255263157895 0.990962502283
0.631578947368 0.271052631579 0.968378099029
0.631578947368 0.286842105263 0.663045560639
0.631578947368 0.302631578947 0.668641753782
0.631578947368 0.318421052632 0.642119149892
0.631578947368 0.334210526316 0.679105655117
0.631578947368 0.35 0.68623797204
0.684210526316 0.05 0.26039706019
0.684210526316 0.0657894736842 0.619779731007
0.684210526316 0.0815789473684 0.490522097383
0.684210526316 0.0973684210526 0.631681308016
0.684210526316 0.113157894737 0.989540357734
0.684210526316 0.128947368421 0.994389366754
0.684210526316 0.144736842105 0.998062086784
0.684210526316 0.160526315789 0.99961491667
0.684210526316 0.176315789474 0.999083264335
0.684210526316 0.192105263158 0.997720340263
0.684210526316 0.207894736842 0.996414265007
0.684210526316 0.223684210526 0.995374487414
0.684210526316 0.239473684211 0.994568659653
0.684210526316 0.255263157895 0.980879662202
0.684210526316 0.271052631579 0.674532070403
0.684210526316 0.286842105263 0.692056356682
0.684210526316 0.302631578947 0.571985945155
0.684210526316 0.318421052632 0.612756114963
0.684210526316 0.334210526316 0.554406369467
0.684210526316 0.35 0.681730302626
0.736842105263 0.05 0.313594673717
0.736842105263 0.0657894736842 0.432995767974
0.736842105263 0.0815789473684 0.796256851139
0.736842105263 0.0973684210526 0.896670745416
0.736842105263 0.113157894737 0.990648502756
0.736842105263 0.128947368421 0.995179580158
0.736842105263 0.144736842105 0.998397487334
0.736842105263 0.160526315789 0.999593699711
0.736842105263 0.176315789474 0.998942723249
0.736842105263 0.192105263158 0.997604068012
0.736842105263 0.207894736842 0.996347996368
0.736842105263 0.223684210526 0.995351293954
0.736842105263 0.239473684211 0.994578589647
0.736842105263 0.255263157895 0.718996714923
0.736842105263 0.271052631579 0.709882578956
0.736842105263 0.286842105263 0.683143338948
0.736842105263 0.302631578947 0.574638927907
0.736842105263 0.318421052632 0.621016042841
0.736842105263 0.334210526316 0.589401423257
0.736842105263 0.35 0.648662961532
0.789473684211 0.05 0.414891280232
0.789473684211 0.0657894736842 0.7806708538
0.789473684211 0.0815789473684 0.970647876638
0.789473684211 0.0973684210526 0.988434237606
0.789473684211 0.113157894737 0.991632681445
0.789473684211 0.128947368421 0.995826760315
0.789473684211 0.144736842105 0.998645671225
0.789473684211 0.160526315789 0.999546762185
0.789473684211 0.176315789474 0.998804653788
0.789473684211 0.192105263158 0.997489656275
0.789473684211 0.207894736842 0.996276756352
0.789473684211 0.223684210526 0.995316634266
0.789473684211 0.239473684211 0.993768995596
0.789473684211 0.255263157895 0.747959171903
0.789473684211 0.271052631579 0.731339941358
0.789473684211 0.286842105263 0.749661543781
0.789473684211 0.302631578947 0.663565863786
0.789473684211 0.318421052632 0.586410286214
0.789473684211 0.334210526316 0.626371478057
0.789473684211 0.35 0.650168480275
0.842105263158 0.05 0.801200910968
0.842105263158 0.0657894736842 0.99621444933
0.842105263158 0.0815789473684 0.994773607844
0.842105263158 0.0973684210526 0.988743721658
0.842105263158 0.113157894737 0.992492002066
0.842105263158 0.128947368421 0.996359141998
0.842105263158 0.144736842105 0.998826939541
0.842105263158 0.160526315789 0.999481664715
0.842105263158 0.176315789474 0.998669019953
0.842105263158 0.192105263158 0.997376645199
0.842105263158 0.207894736842 0.996201284046
0.842105263158 0.223684210526 0.995272477967
0.842105263158 0.239473684211 0.987081551795
0.842105263158 0.255263157895 0.793144632528
0.842105263158 0.271052631579 0.755364565978
0.842105263158 0.286842105263 0.732662392751
0.842105263158 0.302631578947 0.7264187803
0.842105263158 0.318421052632 0.652834991729
0.842105263158 0.334210526316 0.633382199143
0.842105263158 0.35 0.604430944544
0.894736842105 0.05 0.995534173487
0.894736842105 0.0657894736842 0.994651285924
0.894736842105 0.0815789473684 0.990160626035
0.894736842105 0.0973684210526 0.989385522762
0.894736842105 0.113157894737 0.993239121593
0.894736842105 0.128947368421 0.996798484508
0.894736842105 0.144736842105 0.998956227145
0.894736842105 0.160526315789 0.999403560295
0.894736842105 0.176315789474 0.998535684604
0.894736842105 0.192105263158 0.997264635069
0.894736842105 0.207894736842 0.996122137432
0.894736842105 0.223684210526 0.99522031759
0.894736842105 0.239473684211 0.980721362915
0.894736842105 0.255263157895 0.943768924583
0.894736842105 0.271052631579 0.77186430075
0.894736842105 0.286842105263 0.7349252988
0.894736842105 0.302631578947 0.736016327032
0.894736842105 0.318421052632 0.687482229991
0.894736842105 0.334210526316 0.610254626027
0.894736842105 0.35 0.600678862356
0.947368421053 0.05 0.994308559112
0.947368421053 0.0657894736842 0.992542703742
0.947368421053 0.0815789473684 0.988957749195
0.947368421053 0.0973684210526 0.990081743064
0.947368421053 0.113157894737 0.993888639788
0.947368421053 0.128947368421 0.997161750417
0.947368421053 0.144736842105 0.999044694471
0.947368421053 0.160526315789 0.999316052825
0.947368421053 0.176315789474 0.998404470092
0.947368421053 0.192105263158 0.99715338662
0.947368421053 0.207894736842 0.996039789563
0.947368421053 0.223684210526 0.995161306694
0.947368421053 0.239473684211 0.974728117484
0.947368421053 0.255263157895 0.931948589959
0.947368421053 0.271052631579 0.839128536501
0.947368421053 0.286842105263 0.79902203756
0.947368421053 0.302631578947 0.758345125059
0.947368421053 0.318421052632 0.723603493019
0.947368421053 0.334210526316 0.685380138937
0.947368421053 0.35 0.562893834536
1.0 0.05 0.992968847327
1.0 0.0657894736842 0.990840891107
1.0 0.0815789473684 0.988762792505
1.0 0.0973684210526 0.990760222248
1.0 0.113157894737 0.994454070814
1.0 0.128947368421 0.997462310038
1.0 0.144736842105 0.999100787511
1.0 0.160526315789 0.999221700438
1.0 0.176315789474 0.998275205128
1.0 0.192105263158 0.99704268008
1.0 0.207894736842 0.995954647833
1.0 0.223684210526 0.99509641761
1.0 0.239473684211 0.969125996324
1.0 0.255263157895 0.924009511387
1.0 0.271052631579 0.867701257352
1.0 0.286842105263 0.802115877542
1.0 0.302631578947 0.74895997764
1.0 0.318421052632 0.769401704071
1.0 0.334210526316 0.776583018009
1.0 0.35 0.796422117873
